910; 22, 70, 48, 630, 70, 4, 4, 8, 9, 16, 10, 2, 6, 9, 1, 1
5400; 110, 360, 2400, 79, 600, 3, 21, 130, 6, 290, 56, 3, 480, 5, 200, 105, 300, 7, 23, 4, 21, 7, 23, 81, 9, 22, 50, 3, 2
2400; 2020, 8, 9, 100, 63, 190, 7, 3
95000; 12000, 54000, 6200, 9000, 5400, 3600, 860, 1000, 745, 560, 380, 420, 13, 330, 34, 140, 120, 6, 190, 2
590; 300, 29, 43, 100, 22, 56, 5, 9, 10, 11, 5
20; 12, 5, 1, 2
72000; 49000, 6300, 4400, 6500, 2700, 1200, 310, 210, 432, 670, 70, 97, 97, 12, 2
2900; 1800, 440, 500, 65, 41, 38, 14, 2
3100; 1500, 870, 37, 39, 200, 140, 90, 42, 52, 74, 31, 20, 5
9800; 7600, 1300, 330, 440, 120, 10
20; 19, 1
280; 89, 40, 110, 18, 8, 4, 9, 2
44000; 24000, 7000, 2100, 4600, 6000, 290, 10
590; 380, 72, 65, 44, 29
72; 39, 33
19; 11, 7, 1
96; 81, 13, 2
190; 83, 100, 5, 2
20; 20
550; 530, 9, 9, 2
5000; 3000, 1600, 280, 95, 22, 3
15; 14, 1
23000; 8500, 10000, 3300, 1100, 96, 4
65000; 37000, 11000, 13000, 2900, 890, 110, 52, 21, 20, 6, 1
9000; 1500, 2500, 1000, 500, 680, 800, 1000, 230, 120, 380, 63, 120, 32, 57, 18
12; 11, 0, 1
71000; 60000, 9300, 1350, 130, 110, 24, 5, 5, 13, 11, 9, 19, 8, 4, 4, 5, 3
52; 25, 27
17; 14, 3
24000; 18000, 4100, 1500, 356, 28, 5, 4, 5, 2
620; 170, 450
72000; 55000, 11000, 3400, 1100, 660, 630, 130, 72, 6, 2
10; 10
58; 17, 17, 14, 9, 1
120; 94, 19, 6, 0, 0, 1
76; 69, 4, 3
8500; 7000, 1010, 200, 250, 40
59; 56, 3
45; 30, 13, 1, 1
46; 46
82000; 41000, 33000, 2800, 4900, 300
850; 570, 61, 46, 32, 40, 19, 77, 5
6000; 5200, 530, 270
81; 40, 39, 2
1500; 930, 360, 100, 31, 39, 23, 16, 1
34; 8, 19, 7
130; 58, 70, 1, 1
75000; 54000, 11520, 9300, 67, 37, 35, 37, 3, 1
51; 43, 6, 2
29000; 26000, 2200, 300, 300, 200
2500; 1000, 1170, 290, 40
22; 20, 2
770; 710, 55, 5
93; 71, 14, 6, 1, 1
95; 35, 49, 9, 2
7000; 5000, 1500, 400, 39, 23, 30, 3, 5
270; 210, 54, 6
320; 260, 34, 19, 7
96; 65, 20, 9, 2
33000; 23000, 9000, 600, 370, 14, 9, 7
280; 130, 61, 34, 40, 13, 2
46000; 45000, 554, 439, 6, 1
2600; 1600, 860, 110, 30
310; 210, 47, 45, 8
7400; 3800, 2700, 670, 200, 17, 11, 2
70000; 43000, 11000, 15000, 510, 470, 17, 3
870; 500, 110, 152, 61, 35, 10, 2
16; 13, 3
94; 61, 32, 1
64; 47, 12, 4, 1
29000; 20000, 7200, 1600, 120, 73, 6, 1
1300; 1040, 160, 100
19; 15, 4
29; 20, 8, 1
46; 39, 5, 2
41; 20, 19, 1, 1
3100; 1900, 1000, 200
37000; 29000, 6200, 1300, 320, 130, 48, 2
600; 570, 25, 5
55000; 43000, 11000, 800, 110, 54, 16, 15, 3, 1, 1
93000; 89000, 2300, 950, 660, 55, 24, 10, 0, 1
590; 550, 25, 13, 2
99000; 46000, 18000, 27000, 5800, 2000, 140, 60
440; 400, 12, 20, 8
830; 600, 90, 80, 57, 3
59; 49, 6, 3, 1
78; 65, 11, 1, 1
98; 53, 14, 23, 7, 1
63; 56, 5, 2
4400; 4000, 270, 100, 30
95; 80, 11, 3, 1
6600; 6500, 63, 23, 11, 3
220; 220
95; 70, 22, 3
92; 89, 3
6600; 5100, 900, 540, 38, 12, 10
92; 73, 12, 6, 1
86000; 13000, 42000, 13000, 18000
25; 14, 9, 2
870; 660, 150, 49, 9, 2
94; 80, 11, 3
4500; 3600, 900
580; 430, 145, 4, 1
89; 50, 33, 5, 1
77; 41, 20, 15, 1
57; 44, 10, 3
87; 80, 6, 1
28000; 27000, 820, 140, 19, 17, 4
510; 302, 130, 43, 33, 2
6900; 2900, 3100, 700, 95, 91, 13, 1
83000; 15000, 30000, 12000, 18000, 7000, 560, 406, 31, 3
13; 11, 2
6300; 2600, 3200, 480, 20
69000; 21000, 26000, 13800, 7300, 520, 330, 36, 10, 4
5700; 4200, 1000, 370, 85, 20, 20, 4, 0, 0, 1
4500; 4000, 410, 67, 18, 5
6000; 4100, 1720, 151, 15, 9, 4, 1
35; 33, 2
49; 46, 3
710; 600, 95, 9, 6
33000; 16000, 10000, 6900, 69, 16, 6, 9
73; 48, 24, 1
9200; 8900, 300
140; 140
540; 530, 10
8; 7, 0, 1
47; 33, 13, 1
6800; 5600, 680, 220, 230, 44, 25, 0, 1
8600; 6000, 2000, 560, 32, 6, 2
30000; 13000, 11260, 4000, 1100, 330, 310
350; 340, 9, 1
6; 4, 2
9900; 5800, 2400, 1700
4900; 3800, 890, 160, 42, 7, 1
8000; 3600, 2500, 1860, 34, 5, 1
38000; 21000, 10000, 2820, 3500, 360, 102, 100, 86, 16, 10, 5, 1
59; 54, 5
4600; 1775, 2700, 73, 38, 9, 4, 1
90; 65, 24, 0, 1
6200; 3510, 1500, 1000, 170, 20
560; 440, 67, 39, 7, 6, 1
40000; 29000, 9000, 1200, 660, 122, 17, 1
97; 60, 36, 1
31; 16, 12, 3
40; 39, 0, 1
120; 100, 20
250; 220, 23, 6, 0, 1
22; 11, 9, 2
24000; 11400, 12000, 510, 42, 35, 13
43; 33, 10
420; 416, 4
35; 33, 2
9000; 8000, 900, 67, 23, 8, 2
41; 31, 9, 1
6700; 4400, 1300, 990, 5, 5
84000; 46000, 19000, 15000, 3000, 970, 15, 11, 4
24000; 11000, 10000, 1400, 1600
86; 77, 7, 2
1900; 1900
17; 12, 5
620; 350, 155, 89, 24, 2
2300; 2020, 280
69; 51, 17, 1
83; 79, 4
71; 56, 11, 4
93000; 59000, 26000, 4300, 2600, 630, 350, 80, 31, 8, 1
900; 710, 150, 30, 10
9200; 8900, 300
86; 85, 1
39000; 38000, 900, 100
56; 49, 7
99000; 47000, 51000, 400, 280, 250, 62, 7, 1
28000; 26000, 1300, 665, 27, 7, 0, 0, 1
44000; 42000, 1300, 530, 170
24000; 10000, 6300, 2600, 2700, 2100, 180, 120
5; 5
26000; 25000, 480, 350, 100, 57, 12, 1
6500; 3800, 2600, 100
16; 15, 0, 0, 1
79000; 77000, 1300, 240, 190, 190, 60, 18, 2
93; 92, 1
33; 29, 4
720; 510, 150, 21, 21, 17, 1
3000; 2500, 387, 88, 19, 5, 1
200; 130, 28, 32, 10
37; 26, 11
32000; 29000, 1240, 1100, 220, 209, 200, 27, 4
50; 45, 5
74000; 59000, 9100, 4900, 730, 240, 28, 2
44; 20, 18, 3, 3
900; 860, 28, 12
38; 38
9; 7, 2
950; 710, 73, 90, 67, 10
7200; 5100, 1200, 360, 440, 93, 7
190; 150, 36, 3, 1
95000; 92000, 2300, 330, 200, 84, 77, 8, 1
58; 56, 2
82; 80, 2
150; 100, 40, 10
790; 590, 75, 110, 15
83; 17, 37, 26, 3
4900; 3100, 1600, 170, 21, 7, 2
90000; 62000, 28000
64000; 60000, 3300, 480, 220
93; 38, 48, 5, 2
28000; 17000, 11000
5400; 5300, 62, 14, 23, 1
990; 960, 15, 14, 1
51000; 33000, 12000, 5620, 220, 160
350; 290, 31, 25, 4
34; 16, 16, 2
880; 400, 460, 11, 9
73000; 60000, 8300, 4600, 82, 15, 3
93000; 53000, 19000, 12000, 9000
21; 15, 6
78000; 68000, 7500, 1900, 495, 100, 4, 1
21; 12, 7, 2
21; 18, 3
35; 30, 4, 1
53; 40, 10, 3
4700; 4200, 250, 190, 49, 10, 1
36; 23, 12, 1
49; 31, 14, 4
80; 68, 10, 2
3700; 3100, 600
5; 5
5700; 4000, 1500, 170, 28, 2
4000; 3300, 275, 150, 190, 50, 35
680; 500, 70, 46, 39, 21, 4
9200; 8000, 1100, 79, 17, 3, 1
930; 890, 30, 7, 3
190; 190
16; 16
10000; 3400, 6000, 240, 206, 120, 32, 2
85; 78, 7
52; 50, 2
480; 280, 95, 41, 45, 11, 6, 2
3900; 3600, 290, 9, 1
800; 800
96000; 12000, 34500, 17000, 30000, 2200, 120, 93, 66, 11, 10
88; 77, 11
7900; 4100, 3200, 600
1100; 1000, 90, 6, 4
66; 66
7400; 5700, 1100, 520, 23, 39, 13, 5
2100; 1500, 500, 62, 36, 2
460; 440, 17, 3
51; 51
37; 27, 6, 4
57000; 41000, 8000, 7900, 92, 7, 1
21; 19, 2
25; 22, 3
380; 110, 228, 28, 12, 2
760; 619, 67, 57, 14, 3
99; 80, 16, 3
63; 59, 4
80; 40, 24, 13, 3
1600; 940, 620, 24, 16
9300; 8600, 700
52; 47, 5
1800; 1300, 500
2100; 2000, 95, 5
670; 200, 246, 132, 91, 0, 1
96000; 16400, 69000, 6700, 3000, 710, 160, 25, 5
76; 39, 32, 5
92000; 72400, 8300, 2300, 3000, 2600, 2200, 1000, 160, 33, 7
2600; 1960, 500, 95, 43, 2
710; 710
82000; 64000, 12000, 3700, 1400, 720, 160, 16, 4
82; 60, 12, 8, 2
13; 11, 2
240; 220, 16, 4
95000; 32000, 27000, 22600, 6700, 3900, 920, 800, 250, 680, 140, 7, 3
28; 27, 0, 1
1500; 1500
4600; 2200, 2400
98000; 40000, 56000, 1300, 440, 220, 34, 6
25; 24, 1
75; 45, 29, 1
350; 300, 35, 11, 4
81000; 38000, 43000
72000; 33000, 25000, 8600, 4620, 730, 43, 7
7; 7
210; 200, 8, 2
52; 39, 11, 2
660; 550, 53, 48, 9
95; 59, 26, 8, 2
530; 412, 61, 28, 22, 6, 1
92; 70, 14, 8
14; 14
650; 600, 36, 14
2100; 1300, 600, 120, 70, 8, 2
1100; 1000, 82, 15, 3
40; 40
8700; 7000, 1300, 240, 160
270; 227, 28, 14, 1
75000; 48000, 21000, 5900, 90, 8, 2
67; 59, 5, 3
14; 13, 0, 1
14; 11, 3
49; 29, 20
77000; 43000, 14000, 13000, 6200, 710, 80, 7, 3
46; 30, 16
980; 840, 130, 8, 2
520; 410, 110
30; 12, 11, 5, 2
430; 338, 91, 1
650; 440, 205, 5
510; 400, 95, 15
2700; 2600, 94, 5, 1
1600; 1310, 160, 120, 8, 2
43; 34, 7, 2
1800; 1400, 360, 37, 3
10000; 9600, 390, 7, 3
8300; 3900, 3700, 570, 72, 50, 5, 3
18; 11, 5, 2
3300; 2100, 800, 190, 180, 30
340; 315, 22, 3
720; 450, 240, 21, 9
56; 56
39; 38, 1
21000; 20000, 790, 140, 57, 13
8; 5, 3
5900; 5400, 480, 20
5600; 4200, 1000, 400
91; 85, 5, 0, 1
12; 10, 2
39000; 19000, 20000
94; 57, 31, 6
660; 480, 96, 39, 30, 13, 2
33; 32, 1
18000; 15000, 2100, 840, 50, 10
6; 6
63000; 51000, 8700, 2100, 1000, 130, 50, 17, 3
610; 490, 113, 7
4900; 3600, 800, 458, 42
6300; 3600, 1450, 640, 380, 200, 16, 7, 4, 3
1900; 1600, 236, 46, 17, 1
5300; 3800, 1400, 100
12; 11, 1
53000; 42000, 8300, 2000, 420, 250, 24, 5, 1
73; 55, 9, 5, 4
78000; 25000, 37000, 14000, 2000
88; 82, 5, 1
44; 40, 4
8000; 6600, 1400
89000; 31000, 38400, 11000, 8400, 156, 42, 2
320; 270, 48, 2
6800; 6800
390; 350, 36, 4
98000; 35000, 23000, 12000, 28000
35; 33, 2
840; 500, 330, 8, 2
67000; 41000, 26000
33000; 25000, 4300, 3000, 580, 78, 33, 9
12000; 9100, 2100, 500, 230, 57, 13
17; 16, 1
420; 360, 49, 5, 5, 1
57000; 54000, 2100, 830, 64, 5, 1
6000; 5100, 500, 350, 32, 14, 4
58; 55, 3
54; 37, 14, 3
6800; 5000, 1500, 290, 8, 2
45000; 14000, 31000
420; 330, 71, 12, 5, 2
2400; 2300, 100
4000; 3600, 269, 120, 8, 3
990; 970, 20
940; 440, 380, 85, 21, 13, 1
28000; 24000, 3900, 98, 2
170; 40, 43, 37, 47, 3
49; 30, 16, 3
150; 110, 28, 12
220; 190, 22, 5, 3
780; 563, 210, 5, 2
1000; 800, 190, 9, 1
400; 330, 63, 6, 1
2000; 1300, 600, 93, 5, 2
2000; 1790, 210
9700; 8000, 600, 580, 220, 220, 73, 5, 2
51; 39, 9, 3
6600; 3700, 2200, 620, 75, 5
56; 53, 3
280; 250, 19, 9, 2
50; 36, 14
840; 570, 210, 38, 14, 6, 2
73; 70, 3
2400; 2200, 100, 31, 45, 24
31; 28, 3
23; 16, 6, 1
5900; 3000, 2470, 350, 34, 32, 11, 3
19000; 13000, 5300, 460, 120, 100, 20
480; 410, 60, 9, 1
40; 32, 6, 2
27; 26, 1
5700; 3800, 1400, 500
17; 17
460; 300, 140, 17, 3
14; 12, 2
5700; 5510, 170, 11, 8, 1
420; 350, 63, 7
2200; 2100, 48, 52
7100; 6100, 850, 130, 17, 3
2000; 1300, 580, 88, 21, 10, 1
32; 29, 3
2700; 2700
90000; 87000, 3000
32000; 23000, 8900, 93, 5, 2
50; 35, 10, 4, 1
89; 59, 26, 4
51; 43, 8
22000; 16000, 4400, 1400, 167, 23, 10
37; 37
9900; 8300, 900, 480, 130, 87, 3
90; 79, 11
38000; 36000, 1700, 300
9300; 9000, 300
41000; 15000, 26000
85; 83, 2
8600; 3300, 4300, 820, 145, 31, 4
220; 210, 8, 2
190; 97, 55, 37, 1
160; 100, 28, 21, 11
21; 17, 4
64; 34, 14, 12, 4
56000; 43000, 11100, 1500, 400
6900; 6400, 430, 50, 10, 7, 3
2700; 2300, 340, 21, 37, 2
85; 80, 5
67; 55, 11, 1
53; 51, 2
61; 57, 4
72; 72
1000; 720, 250, 22, 7, 0, 1
5300; 3800, 1100, 330, 60, 9, 1
11; 11
64000; 63000, 1000
120; 88, 21, 10, 1
27; 23, 4
53000; 39000, 10000, 3600, 220, 140, 39, 1
26000; 21000, 4100, 540, 260, 91, 9
55000; 15800, 39000, 170, 13, 17
30000; 16000, 13000, 680, 210, 110
7800; 7100, 600, 100
210; 130, 51, 14, 14, 1
490; 420, 64, 6
6500; 2400, 3700, 400
6200; 4300, 1700, 190, 10
6000; 6000
1600; 1600
6400; 5400, 800, 110, 83, 6, 1
8500; 8400, 100
70; 46, 16, 7, 1
84000; 68000, 11000, 2600, 2100, 240, 25, 27, 6, 2
75; 73, 2
25; 19, 6
290; 250, 28, 12
82; 81, 1
60; 47, 13
630; 510, 110, 10
47; 17, 30
53; 37, 16
60000; 46300, 11000, 2500, 200
69; 66, 3
26; 18, 8
32; 27, 5
19; 10, 7, 2
30000; 23000, 4000, 2500, 490, 10
57; 30, 24, 3
7700; 7000, 610, 80, 6, 4
86; 58, 21, 6, 1
25; 22, 3
66; 62, 4
88000; 88000
7300; 3540, 3100, 520, 92, 35, 13
49; 35, 12, 2
8000; 7200, 680, 100, 16, 4
84; 75, 8, 1
8000; 4500, 3059, 280, 100, 56, 5
44; 22, 17, 5
84; 79, 5
55000; 27000, 20000, 5500, 2100, 310, 83, 7
68000; 56000, 12000
65; 65
44000; 18000, 18000, 5400, 1700, 840, 34, 23, 3
60000; 35000, 19000, 4800, 1200
5; 5
90; 58, 28, 4
980; 940, 27, 10, 3
96000; 84000, 12000
38; 27, 10, 1
27000; 22000, 3800, 1100, 100
10; 10
59; 50, 8, 1
160; 150, 9, 1
37; 34, 3
5; 5
31; 27, 4
200; 200
33; 21, 12
330; 300, 15, 15
85; 51, 19, 15
4600; 3800, 620, 73, 59, 40, 8
82; 58, 20, 4
73000; 53000, 15000, 3100, 1300, 460, 56, 70, 14
13; 11, 2
810; 800, 9, 0, 1
98000; 60000, 35000, 2700, 270, 29, 1
74; 47, 26, 1
27; 20, 7
7000; 6800, 200
11; 7, 4
3400; 2330, 800, 210, 49, 6, 5
27; 19, 8
94; 47, 40, 6, 1
62000; 28000, 25000, 8600, 400
700; 470, 230
4200; 2100, 1900, 140, 45, 13, 2
43000; 43000
74; 48, 22, 4
21000; 16000, 5000
52; 49, 3
34; 16, 17, 1
73; 60, 9, 4
87; 55, 32
36; 36
52; 45, 7
410; 350, 53, 6, 1
250; 240, 8, 2
3200; 1370, 1400, 370, 57, 3
84; 80, 4
71000; 35000, 25000, 11000
33; 33
13; 12, 1
9600; 9000, 562, 14, 20, 4
71; 69, 2
74000; 39000, 17000, 17000, 1000
7; 5, 2
4100; 2400, 1300, 279, 120, 1
790; 580, 180, 11, 14, 5
190; 170, 11, 9
6800; 4900, 1740, 100, 57, 3
57; 31, 25, 1
96; 89, 6, 1
1900; 1900
8; 8
55; 51, 4
5200; 3270, 1600, 320, 10
8600; 8300, 229, 64, 6, 1
910; 870, 40
43; 40, 3
95000; 77000, 14000, 2000, 2000
220; 210, 9, 1
35000; 23000, 12000
940; 600, 300, 30, 9, 1
14; 12, 2
9100; 4100, 3800, 1200
93; 72, 16, 5
56; 51, 5
43; 42, 1
46000; 41000, 3630, 950, 370, 50
13; 11, 2
28; 15, 12, 1
9000; 7800, 900, 250, 40, 10
11; 11
330; 320, 10
89; 84, 5
510; 460, 24, 24, 2
18; 14, 4
620; 540, 69, 11
54000; 37000, 16000, 700, 250, 28, 22
100; 100
55; 34, 21
9600; 8700, 900
89; 81, 8
810; 630, 110, 64, 6
5600; 3100, 2000, 490, 7, 3
75000; 75000
95000; 84000, 11000
4300; 3100, 860, 180, 140, 19, 1
6300; 5900, 350, 43, 7
26000; 26000
87; 81, 6
8200; 2900, 4200, 520, 510, 64, 6
26; 24, 2
170; 170
84000; 58000, 26000
660; 600, 59, 1
55000; 32400, 12000, 9000, 1400, 200
49; 46, 3
5; 5
21000; 14000, 3200, 2200, 1500, 96, 4
36; 30, 6
630; 520, 90, 18, 2
46; 44, 2
73; 66, 7
7700; 7580, 120
470; 410, 53, 7
340; 280, 40, 18, 2
12; 11, 1
6500; 5700, 760, 30, 10
64; 63, 1
1300; 1000, 220, 76, 4
360; 320, 38, 2
50; 27, 21, 2
39; 19, 17, 3
55000; 31000, 23000, 820, 180
9300; 7400, 1400, 460, 38, 2
10000; 3600, 4000, 2000, 380, 16, 4
21; 20, 0, 0, 0, 1
43; 25, 12, 5, 1
56; 55, 1
300; 250, 41, 9
5; 5
790; 570, 140, 79, 0, 1
76; 69, 7
7000; 5000, 1400, 420, 140, 39, 1
13; 12, 0, 1
56; 23, 22, 11
2300; 1500, 720, 78, 2
8000; 5600, 1900, 500
670; 630, 39, 1
630; 620, 8, 2
77000; 59000, 13000, 3900, 940, 81, 73, 5, 1
98; 90, 8
10; 9, 1
56000; 25000, 28000, 2500, 500
720; 700, 18, 2
5500; 3200, 1400, 800, 100
6600; 4000, 1700, 790, 100, 8, 2
8200; 8000, 130, 61, 7, 2
2500; 1300, 1000, 180, 20
21; 20, 1
73; 56, 13, 4
34000; 32000, 1500, 330, 100, 52, 11, 7
2500; 1500, 1000
6; 6
810; 750, 40, 20
730; 510, 200, 16, 3, 1
20; 20
91; 76, 13, 2
27; 21, 5, 1
820; 820
71; 53, 12, 6
57; 37, 20
590; 560, 28, 2
13; 12, 1
23; 22, 1
61; 56, 5
90; 40, 28, 20, 2
8600; 7800, 750, 28, 20, 2
6400; 6100, 240, 55, 5
6100; 4100, 1300, 640, 53, 7
8800; 8800
85; 44, 30, 11
83000; 48000, 33000, 1900, 100
60; 51, 8, 1
96000; 62000, 33000, 900, 100
78000; 68000, 10000
240; 230, 10
650; 580, 35, 31, 3, 1
570; 510, 32, 24, 4
23000; 20000, 2620, 270, 106, 3, 1
54; 39, 14, 1
33; 29, 3, 1
48; 48
87; 41, 43, 3
4900; 3400, 1500
74; 53, 12, 9
79; 31, 25, 22, 1
530; 270, 182, 37, 31, 10
7000; 3900, 2400, 560, 120, 14, 6
51000; 39000, 11000, 740, 200, 48, 11, 1
940; 740, 180, 17, 3
690; 320, 280, 86, 4
3600; 3400, 190, 8, 2
34; 22, 11, 1
700; 530, 170
8100; 7300, 800
10; 7, 3
750; 410, 270, 70
73000; 63000, 9700, 300
40; 40
470; 400, 41, 17, 8, 4
54000; 54000
75; 34, 35, 6
95; 91, 4
94; 94
5700; 4500, 980, 210, 9, 1
360; 280, 77, 3
460; 406, 49, 5
52000; 35000, 13000, 3600, 380, 13, 7
23000; 13000, 10000
74000; 25000, 28000, 16200, 3400, 1400
67000; 32300, 31000, 2400, 880, 320, 84, 14, 2
4000; 3200, 720, 58, 22
40; 38, 2
600; 600
360; 250, 86, 21, 3
22000; 22000
31000; 31000
88000; 41000, 35000, 10100, 1700, 200
680; 600, 76, 4
84; 69, 14, 1
37000; 28000, 5000, 3700, 200, 85, 15
62; 51, 9, 2
37; 35, 2
48; 44, 4
68000; 28800, 25000, 13000, 1000, 130, 48, 19, 3
7500; 4400, 1900, 1200
10; 8, 2
590; 580, 7, 3
560; 540, 19, 0, 1
80000; 76000, 3600, 380, 18, 2
530; 510, 18, 2
760; 740, 16, 4
8500; 7400, 1000, 78, 22
45000; 39000, 5700, 280, 17, 3
180; 130, 35, 13, 2
8400; 6700, 1400, 177, 120, 3
55; 40, 9, 6
16000; 14000, 1400, 440, 130, 30
9; 8, 1
77000; 65000, 11000, 1000
280; 210, 59, 10, 1
22; 21, 1
720; 640, 51, 28, 1
12; 12
45; 30, 10, 5
56; 30, 18, 8
8600; 6200, 1900, 437, 63
90000; 80000, 9100, 900
160; 160
50; 49, 1
42; 27, 9, 6
2400; 2000, 370, 29, 0, 1
95; 84, 10, 1
59; 45, 13, 1
29000; 25000, 3400, 580, 19, 1
80; 36, 42, 2
59000; 35000, 17000, 5200, 1400, 360, 33, 7
18; 17, 1
18; 17, 0, 1
2200; 1810, 310, 60, 19, 1
430; 237, 170, 21, 2
14000; 14000
60000; 31000, 17000, 9900, 1800, 250, 46, 4
980; 700, 250, 30
520; 438, 67, 15
97000; 42000, 33000, 15000, 4600, 2000, 280, 100, 9, 7, 4
1000; 1000
26; 25, 1
610; 521, 83, 6
720; 700, 20
26000; 25000, 860, 100, 39, 1
480; 450, 25, 5
2300; 2000, 200, 83, 7, 10
92; 92
83; 79, 4
930; 900, 30
910; 540, 190, 140, 40
370; 250, 100, 11, 9
4000; 3250, 580, 110, 60
2300; 1300, 1000
97; 54, 43
13; 8, 5
36; 36
740; 680, 59, 1
7400; 5300, 1500, 590, 7, 3
27000; 17000, 10000
49; 41, 6, 2
71000; 32000, 21000, 15000, 2800, 200
5700; 3000, 2700
35; 21, 14
17000; 11000, 4000, 2000
89; 86, 3
38; 37, 1
600; 460, 98, 40, 2
8100; 7500, 390, 100, 90, 20
71; 66, 5
50; 45, 5
70; 65, 5
98; 91, 7
960; 950, 7, 3
96; 81, 15
60000; 45000, 13000, 1110, 820, 48, 22
87000; 50000, 29000, 4500, 1200, 2300
81; 54, 26, 0, 1
89; 82, 7
79; 45, 28, 6
84000; 51000, 27000, 3200, 2800
450; 240, 180, 29, 1
1100; 1100
43000; 28000, 15000
27; 24, 3
52; 35, 17
17; 16, 1
4700; 4000, 619, 73, 6, 2
9000; 8900, 33, 63, 4
1500; 1300, 200
93; 28, 33, 23, 9
41; 40, 1
75000; 53000, 19000, 2700, 220, 56, 21, 3
9100; 8200, 630, 232, 34, 4
1700; 1500, 140, 60
21; 21
520; 370, 140, 9, 0, 1
26; 18, 6, 2
57; 56, 0, 0, 1
60000; 34000, 21000, 4000, 980, 20
420; 250, 110, 45, 14, 1
850; 800, 44, 6
620; 530, 63, 27
48; 28, 16, 4
290; 170, 96, 13, 11
59; 34, 21, 4
700; 660, 39, 1
97; 79, 14, 4
52; 52
80; 63, 15, 2
8700; 7000, 1600, 100
49000; 33000, 15900, 63, 21, 16
2600; 1800, 800
86; 80, 6
3300; 3100, 180, 20
2100; 1400, 570, 110, 20
29; 26, 3
60000; 45000, 12600, 2400
980; 900, 69, 10, 1
21000; 18000, 3000
1300; 1300
32; 30, 2
650; 430, 180, 38, 2
57; 50, 7
51; 45, 6
1900; 1400, 400, 96, 4
17; 15, 2
29; 28, 1
220; 150, 60, 9, 1
64; 60, 4
75; 68, 7
39; 35, 4
24; 22, 2
50; 31, 17, 2
300; 300
63; 59, 4
6600; 5800, 770, 27, 3
520; 310, 180, 28, 2
1900; 1600, 300
44; 39, 5
1600; 1400, 123, 75, 2
2100; 2000, 84, 16
52000; 28000, 14000, 9400, 570, 20, 10
8900; 3320, 4000, 1500, 57, 20, 3
52; 52
40; 33, 7
1200; 1200
630; 330, 300
20000; 12000, 7000, 1000
74; 38, 32, 4
19000; 18000, 960, 38, 2
8000; 4000, 2300, 1500, 160, 27, 12, 1
48; 23, 22, 3
5000; 4500, 440, 60
18; 18
17000; 9900, 5700, 790, 600, 8, 2
65; 62, 3
65000; 65000
87000; 77000, 9700, 129, 110, 54, 7
84000; 45800, 28000, 10000, 200
220; 220
3000; 2200, 800
75000; 62000, 11000, 1900, 86, 11, 3
170; 110, 50, 8, 2
34; 20, 11, 3
7000; 2300, 3300, 880, 336, 150, 26, 8
590; 550, 35, 5
520; 300, 72, 110, 21, 17
590; 540, 49, 1
4600; 2800, 1600, 66, 97, 17, 12, 6, 2
38; 29, 7, 2
5; 5
28000; 25000, 2139, 700, 150, 11
4800; 4200, 360, 230, 10
19000; 16350, 2200, 380, 68, 2
7400; 5000, 2100, 300
810; 750, 58, 2
5600; 5400, 130, 69, 1
900; 790, 87, 22, 1
82; 77, 5
330; 260, 70
38000; 36000, 1900, 89, 11
51; 39, 12
9000; 8700, 290, 10
96; 72, 20, 4
20; 16, 4
7100; 6000, 980, 104, 15, 1
39; 25, 13, 1
14000; 11600, 1500, 790, 93, 15, 2
86; 60, 22, 4
570; 370, 170, 28, 2
79000; 69000, 9600, 390, 6, 3, 1
39; 19, 20
310; 310
83; 80, 3
33000; 22000, 10000, 1000
83; 52, 24, 5, 2
650; 480, 113, 36, 18, 3
91000; 49000, 22000, 16000, 3170, 670, 110, 39, 11
88; 76, 12
80; 80
5; 5
750; 730, 15, 5
34; 25, 9
9000; 7200, 1500, 280, 18, 2
5300; 4600, 660, 37, 3
23; 22, 1
330; 320, 8, 2
100; 90, 9, 1
7300; 6690, 580, 29, 1
7000; 5600, 960, 390, 47, 3
5900; 3900, 1600, 360, 20, 19, 1
84000; 77000, 5600, 1400
440; 300, 140
620; 210, 240, 130, 37, 3
6200; 3400, 2700, 98, 2
210; 200, 9, 1
30000; 30000
93000; 81000, 12000
32; 16, 15, 0, 1
85; 64, 20, 1
540; 460, 71, 6, 3
36; 28, 6, 2
11; 10, 0, 1
900; 820, 60, 18, 2
54; 52, 2
1700; 1450, 240, 9, 1
5500; 4000, 1157, 180, 100, 59, 4
78; 59, 18, 1
71000; 43000, 15000, 13000
790; 775, 14, 1
14; 14
330; 200, 100, 25, 5
19; 16, 3
360; 200, 110, 41, 8, 0, 1
30; 25, 5
420; 390, 20, 10
390; 380, 8, 2
6200; 3800, 1960, 391, 46, 3
610; 560, 43, 5, 2
680; 679, 1
36; 36
70; 64, 5, 1
74000; 53000, 14000, 7000
610; 560, 47, 3
8800; 8700, 85, 14, 1
560; 410, 110, 34, 6
520; 520
1600; 1300, 270, 20, 9, 1
71000; 24600, 33000, 7007, 3700, 2600, 76, 17
29000; 27000, 1900, 52, 35, 11, 2
6; 5, 1
77; 72, 5
9300; 7800, 800, 690, 7, 3
210; 173, 35, 2
100; 100
39; 32, 7
860; 860
1000; 990, 10
7000; 5600, 1200, 200
21; 20, 1
3800; 3700, 56, 40, 4
36; 34, 2
1700; 1500, 160, 40
9200; 7100, 1800, 300
420; 360, 51, 8, 1
55; 47, 6, 2
72; 61, 11
91; 90, 1
930; 820, 110
79; 47, 24, 5, 3
850; 770, 80
13; 10, 3
54000; 41000, 13000
56000; 44000, 10000, 1800, 190, 9, 1
68; 65, 3
49000; 27000, 18000, 3200, 360, 419, 21
74000; 50900, 15000, 5000, 2300, 460, 270, 52, 17, 1
65; 50, 15
44000; 26000, 16000, 1800, 150, 42, 6, 2
260; 230, 30
9700; 8500, 1000, 160, 30, 10
780; 660, 120
28; 23, 5
62000; 35000, 14000, 10840, 2100, 29, 24, 7
30000; 24000, 4640, 1000, 300, 54, 5, 1
4600; 2200, 2300, 96, 4
83000; 35000, 42000, 5200, 400, 206, 140, 33, 18, 3
440; 420, 18, 2
63; 43, 20
83000; 52000, 14000, 15000, 1800, 83, 82, 23, 12
36000; 34000, 1500, 410, 80, 8, 2
660; 250, 350, 45, 14, 0, 1
45; 36, 9
440; 150, 160, 98, 21, 11
350; 160, 170, 20
74; 64, 7, 3
3400; 3200, 93, 100, 6, 0, 1
840; 840
34; 21, 11, 2
21000; 17000, 3500, 330, 81, 82, 6, 1
2600; 2600
72; 41, 25, 6
620; 540, 40, 30, 10
82; 82
4400; 3000, 1230, 120, 26, 24
33; 20, 11, 2
55; 38, 16, 1
80000; 43000, 36600, 230, 100, 40, 27, 3
4100; 3500, 300, 280, 20
73; 56, 14, 3
24; 17, 5, 2
660; 660
1700; 1700
6200; 4800, 1000, 200, 180, 16, 4
170; 98, 72
93; 91, 2
78000; 78000
42000; 29000, 9000, 3500, 470, 20, 9, 1
90000; 82000, 6700, 1000, 240, 54, 6
100000; 98000, 1400, 430, 94, 71, 5
57; 34, 18, 5
38000; 36000, 1900, 100
98; 79, 18, 1
9900; 8000, 1000, 840, 31, 20, 9
2800; 2500, 230, 21, 37, 11, 0, 1
37; 28, 8, 0, 1
11; 11
44000; 33000, 10800, 174, 22, 4
540; 320, 180, 24, 15, 1
93; 80, 13
42; 40, 2
80000; 75000, 3300, 1100, 536, 50, 14
99; 46, 15, 26, 10, 2
55000; 43000, 9500, 2500
76000; 67000, 8900, 100
4400; 4000, 388, 11, 1
4800; 4000, 740, 42, 15, 3
56; 28, 15, 10, 3
12000; 6800, 5000, 170, 22, 7, 1
61; 49, 9, 3
6700; 6300, 330, 63, 7
220; 110, 110
130; 120, 10
82; 67, 14, 1
830; 780, 40, 8, 2
5700; 4200, 1000, 333, 140, 19, 7, 1
7400; 6000, 1400
49; 17, 26, 6
75; 74, 1
5300; 4300, 980, 18, 2
78; 78
8100; 7500, 510, 83, 7
83000; 66000, 14000, 2600, 370, 27, 3
44000; 43890, 109, 1
26000; 20000, 5900, 100
10; 9, 1
6200; 6200
9600; 8800, 800
4800; 2700, 2100
9400; 8100, 1200, 70, 30
1300; 1100, 170, 30
2300; 2200, 40, 40, 15, 5
550; 360, 140, 35, 15
46; 30, 15, 0, 1
28000; 27000, 910, 56, 27, 6, 1
17; 17
61; 40, 13, 8
430; 430
85; 45, 22, 15, 3
88000; 57900, 13000, 15000, 1900, 200
70000; 34000, 36000
350; 310, 28, 12
51; 38, 10, 3
94; 77, 15, 2
970; 950, 20
9000; 7000, 1700, 230, 70
29000; 18000, 9900, 1000, 100
34; 30, 4
85; 82, 3
180; 170, 8, 2
77; 48, 29
99; 96, 3
2400; 2400
73000; 40000, 30000, 2600, 320, 34, 22, 23, 1
4200; 4200
22000; 20300, 1500, 149, 29, 21, 0, 1
20; 14, 6
950; 910, 30, 5, 5
90000; 87000, 2980, 16, 4
930; 710, 220
69; 32, 24, 11, 2
3300; 2400, 830, 44, 25, 1
3000; 2500, 270, 210, 18, 2
17; 13, 4
6; 6
70; 70
240; 220, 17, 3
490; 170, 200, 120
48; 28, 15, 5
7; 6, 0, 1
69000; 53000, 13000, 2700, 250, 25, 21, 4
33; 25, 5, 3
6400; 4600, 1500, 290, 9, 0, 1
16; 14, 2
53; 34, 18, 1
8000; 7400, 570, 27, 3
68; 56, 9, 3
6300; 4100, 2000, 140, 57, 3
67; 62, 5
65; 43, 13, 9
700; 610, 86, 4
480; 380, 100
5100; 3280, 1800, 13, 6, 1
14; 14
5800; 5100, 700
540; 530, 10
670; 500, 148, 17, 5
79000; 45000, 24800, 8000, 960, 190, 43, 6, 1
390; 360, 26, 4
96; 70, 19, 6, 1
86; 85, 1
1600; 1600
72; 37, 35
57000; 49000, 7200, 710, 89, 1
69; 50, 13, 6
7000; 6400, 390, 100, 100, 10
75; 72, 3
370; 350, 20
600; 600
45; 27, 15, 3
69; 66, 3
30000; 20800, 6400, 1900, 880, 16, 4
5400; 3840, 1400, 140, 13, 5, 2
11; 11
10; 8, 2
44000; 43000, 960, 28, 12
920; 840, 78, 2
5400; 3100, 1900, 390, 10
8; 7, 1
48000; 20000, 23000, 4200, 730, 60, 5, 5
77; 50, 27
22000; 21000, 940, 55, 5
100; 81, 18, 1
6200; 6200
6; 6
60; 31, 28, 0, 1
820; 790, 30
240; 220, 20
840; 610, 200, 30
410; 370, 34, 6
74; 35, 39
46000; 31000, 14000, 1000
97; 85, 11, 0, 0, 1
36; 34, 2
23; 18, 5
950; 940, 9, 1
42000; 41000, 1000
65000; 65000
72; 48, 15, 7, 2
6700; 6300, 330, 70
9600; 9000, 500, 100
85000; 78000, 6900, 100
85; 85
11000; 10000, 1000
9500; 7700, 1700, 55, 28, 11, 5, 0, 1
81; 35, 32, 14
7100; 6900, 180, 14, 6
99; 72, 21, 5, 1
8800; 7600, 1100, 100
79000; 78000, 850, 110, 30, 7, 3
32; 31, 1
2100; 1500, 460, 130, 10
350; 310, 40
18000; 18000
18; 14, 4
74000; 46000, 19000, 8900, 66, 30, 4
280; 250, 30
9; 8, 1
52; 49, 3
9200; 9200
7000; 5800, 1100, 54, 44, 2
9500; 5000, 3100, 1300, 69, 22, 9
3900; 3900
20; 13, 7
13; 11, 2
1100; 850, 240, 8, 2
100; 71, 22, 5, 2
440; 300, 130, 10
72; 48, 22, 2
4900; 3680, 1100, 120
780; 680, 36, 47, 17
4000; 2000, 1800, 190, 8, 2
150; 136, 11, 3
5800; 5800
76000; 50000, 22000, 2300, 1600, 85, 11, 4
410; 320, 76, 11, 3
19; 19
5700; 4400, 1000, 250, 30, 20
53000; 50000, 3000
630; 540, 76, 13, 1
49; 31, 16, 2
95000; 91000, 3000, 990, 8, 2
53000; 45500, 6900, 270, 260, 39, 26, 5
54; 39, 9, 6
73; 70, 3
4000; 2400, 1200, 390, 10
4100; 4100
97; 79, 18
93; 76, 13, 4
500; 250, 160, 35, 45, 9, 0, 1
18; 18
940; 920, 18, 2
440; 300, 130, 8, 2
7200; 6800, 170, 200, 26, 4
29000; 16490, 11000, 1200, 300, 10
45000; 17000, 24100, 1900, 2000
54; 52, 2
32000; 22000, 10000
9500; 4300, 5200
83000; 80000, 2300, 700
55; 51, 4
74000; 61000, 12000, 970, 25, 5
3300; 2400, 800, 100
4300; 3700, 520, 51, 23, 6
54; 43, 11
86; 85, 1
33; 32, 1
13; 11, 2
65000; 41000, 15000, 8900, 97, 3
9900; 9600, 283, 14, 3
93000; 82000, 11000
210; 160, 35, 14, 1
94; 64, 25, 5
11; 7, 4
41; 34, 6, 1
1300; 1100, 190, 9, 1
58; 58
46; 36, 9, 1
36000; 35700, 260, 35, 5
9800; 6100, 3400, 300
75000; 69000, 5900, 59, 37, 4
37; 27, 6, 4
5; 5
20000; 16000, 2500, 1300, 200
2000; 1667, 300, 30, 3
5600; 4600, 1000
88000; 84000, 2400, 1600
91; 84, 7
84000; 29000, 23000, 31000, 1000
800; 710, 86, 4
56; 48, 6, 2
6; 6
6600; 6600
600; 420, 110, 60, 9, 1
49; 41, 6, 2
26; 26
59; 33, 21, 5
440; 440
49000; 34000, 15000
4100; 4014, 74, 11, 1
3000; 2700, 250, 42, 6, 2
70; 46, 16, 8
29; 28, 1
390; 350, 36, 4
60; 29, 27, 4
46; 33, 11, 2
960; 810, 150
73000; 72000, 850, 130, 16, 4
44000; 24000, 11000, 6800, 2100, 92, 6, 2
22000; 10340, 11000, 660
66000; 32000, 26000, 7000, 900, 89, 10, 1
72
46000; 34000, 11000, 840, 110, 46, 4
56000; 46130, 9100, 770
8; 6, 2
77000; 72000, 5000
90
56; 43, 9, 4
78000; 43000, 29000, 5400, 490, 110
85; 81, 4
3400; 3100, 260, 19, 18, 3
930; 620, 280, 30
13000; 13000
38000; 35600, 2400
4600; 4400, 200
3500; 3200, 270, 17, 9, 4
1700; 1200, 480, 18, 2
910; 620, 240, 32, 18
220; 220
910
76000; 72000, 2500, 1500
6600; 6400, 200
75000; 40000, 15000, 12000, 7500, 460, 31, 9
27; 24, 3
8200; 8000, 170, 16, 14
830; 409, 400, 16, 5
2400; 2400
51000; 47000, 4000
43; 32, 11
8100; 7000, 920, 120, 51, 9
82000
910
95000; 95000
40; 16, 18, 6
80; 78, 2
500; 500
540; 520, 16, 4
87
10; 10
20000; 12000, 7000, 930, 70
5700
4200; 2900, 1200, 90, 10
67000; 24000, 28000, 10000, 4000, 929, 65, 6
6000; 4000, 1600, 380, 16, 4
970
5; 5
31000; 25000, 2500, 2800, 660, 25, 13, 2
79000; 70000, 9000
5400; 3800, 1500, 98, 2
1500; 1370, 120, 10
69000
18; 15, 3
1000; 980, 20
480; 310, 160, 10
9; 5, 4
5100; 2400, 2100, 300, 280, 13, 5, 2
8800; 8500, 240, 55, 5
30000; 26000, 3200, 740, 55, 5
57000; 34300, 14000, 8600, 77, 23
4300; 4300
220; 130, 90
6300; 5500, 770, 28, 2
55; 25, 28, 2
46000; 42000, 3100, 800, 78, 17, 5
43; 27, 13, 3
5300
70000; 55000, 15000
34000
64000
84
9500
960; 470, 380, 94, 12, 4
32000; 9600, 16000, 3600, 1970, 530, 260, 40
54000; 35000, 19000
72; 55, 15, 2
470; 450, 20
60000; 35000, 25000
9600; 4700, 2400, 2000, 470, 25, 5
93000; 93000
3900; 2300, 1520, 75, 5
11000; 11000
31; 26, 5
3100; 1700, 1300, 100
62; 52, 10
910; 750, 120, 37, 3
8600; 6000, 1700, 720, 180
19; 15, 4
63000; 26000, 24400, 11500, 1100
81
96000; 96000
32; 12, 13, 7
43; 40, 3
16
960
9600; 8500, 1100
69000; 38000, 15000, 16000
30000; 27000, 2900, 87, 13
17000; 14000, 2900, 68, 27, 5
99000; 83000, 16000
6900; 4000, 1600, 1300
7200
300; 228, 50, 16, 6
83000; 80000, 2400, 440, 130, 30
850; 440, 310, 100
9700
13000; 12000, 900, 73, 20, 7
4000; 3400, 340, 260
44000; 44000
850
7
46000; 27000, 17000, 1500, 380, 120
560
86000; 83000, 1900, 1100
3100; 1800, 1200, 71, 19, 10
83
940; 850, 39, 32, 14, 5
68000; 49000, 15000, 2500, 1500
44; 29, 12, 3
5000; 4500, 500
34; 20, 11, 3
71; 54, 17
560; 560
19000; 17100, 1600, 270, 25, 5
1900; 1700, 200
57; 46, 8, 3
7900; 5100, 2500, 300
98; 90, 8
87000; 77000, 8700, 1300
73000; 60000, 11000, 2000
190; 190
69; 63, 6
19
54000
47; 22, 19, 6
33000; 33000
95; 80, 15
1200; 1100, 70, 27, 3
72000; 34000, 18370, 19000, 490, 130, 8, 2
540
600; 380, 210, 10
870; 777, 51, 30, 12
240; 240
81; 70, 11
26; 20, 6
39000; 37000, 1800, 190, 8, 2
59000
710; 540, 170
760
74; 58, 16
57; 52, 5
3300; 3039, 240, 18, 3
63; 60, 3
15000; 13000, 1500, 300, 200
580; 270, 250, 58, 2
84; 74, 10
23; 23
840; 820, 16, 4
660; 600, 47, 13
49
75000; 39000, 20000, 15000, 920, 69, 11
110; 85, 25
67000
34; 27, 7
38000; 27200, 5300, 4200, 1100, 170, 21, 9
790; 790
91000; 90000, 780, 200, 15, 5
78; 70, 8
92; 90, 2
10000
5000; 4500, 470, 28, 2
60000; 44000, 15000, 1000
16000; 9000, 6700, 270, 25, 5
20000; 19000, 690, 220, 60, 30
16; 16
67
400; 400
210
26; 24, 2
530; 410, 70, 46, 4
15; 15
41000; 24000, 17000
54
3300; 3000, 140, 160
2800; 2200, 540, 35, 25
88
35; 32, 3
18; 14, 4
460; 420, 26, 14
34000; 27000, 4400, 2400, 200
57; 48, 9
92; 90, 2
2600
7800
1300; 1200, 79, 19, 2
15000; 12700, 1500, 630, 130, 24, 16
89; 41, 46, 2
280
91; 60, 29, 2
400; 380, 15, 5
550; 420, 110, 18, 2
53000; 46000, 3700, 2400, 740, 160
5300; 4300, 970, 26, 4
74; 74
4800; 3560, 1200, 33, 7
51; 42, 9
73
140; 140
21; 21
5; 5
4800
6100; 5600, 490, 10
71000; 65000, 4700, 1100, 180, 16, 4
390; 340, 37, 13
70; 60, 10
320; 240, 75, 5
69; 59, 10
1800; 1500, 300
66000
56000; 43000, 13000
170
580; 550, 28, 2
61; 54, 7
29
98; 83, 13, 2
38000; 23000, 14000, 1000
82; 79, 3
33; 27, 6
64; 60, 4
35; 26, 9
710; 600, 99, 11
34; 30, 4
49000; 21000, 19000, 9000
49000; 38000, 11000
40; 37, 3
63; 56, 7
68
63
100
310; 220, 81, 7, 2
4000; 2200, 1400, 260, 130, 6, 4
34; 30, 4
6900; 5100, 1500, 261, 36, 3
57000; 32000, 23000, 1400, 580, 20
310; 270, 18, 22
2100; 1900, 140, 60
30000; 30000
62
43000; 34000, 7400, 1600
1300; 1200, 83, 14, 3
5700
81; 65, 12, 4
69000; 53000, 16000
5800; 3000, 2200, 550, 25, 25
80; 55, 19, 6
6100; 5100, 940, 43, 12, 5
970; 950, 17, 3
890; 810, 63, 17
54000; 53000, 710, 220, 40, 28, 2
130; 110, 20
7; 7
81000; 73000, 7300, 680, 18, 2
990; 800, 102, 83, 5
6400; 4951, 1419, 22, 8
64; 54, 10
670; 460, 210
990; 490, 412, 52, 32, 4
880
98; 98
110; 110
24
63; 33, 23, 7
840; 520, 300, 20
50000; 37000, 11000, 1700, 220, 62, 18
76; 39, 21, 14, 2
270
37
42000; 32000, 9200, 680, 110, 10
97; 95, 2
910; 660, 230, 18, 2
670
950; 540, 387, 23
940
73
24; 22, 2
56; 44, 8, 4
98; 81, 13, 4
16; 14, 2
55; 42, 13
47000; 22000, 19000, 3100, 2900
100
68000; 60000, 2300, 3500, 1880, 320
32000; 26000, 4400, 1600
91000; 85000, 2800, 2500, 650, 42, 8
15
300; 290, 10
620; 420, 200
580
63; 63
4900; 3700, 1000, 129, 60, 9, 2
47000; 33000, 11000, 2700, 280, 20
46
460; 360, 100
200; 180, 17, 3
42; 25, 17
39
110; 99, 8, 3
98; 94, 4
7300
14; 14
4100; 3600, 220, 280
68
52
31000; 18000, 7400, 4300, 1300
38; 33, 5
4500; 3900, 530, 63, 7
12; 10, 2
920; 800, 100, 18, 2
64
5300; 3420, 1700, 140, 21, 17, 2
110; 100, 10
79; 74, 5
14000; 13470, 500, 25, 5
660; 500, 160
4900
64000; 20000, 29000, 15000
83; 80, 3
75; 73, 2
2900; 1760, 1000, 130, 10
1700; 1340, 220, 110, 28, 2
47000; 45000, 2000
67
77000; 75000, 1800, 200
87000; 85300, 1600, 89, 11
8300; 6000, 2100, 190, 8, 2
54
7600
9100
130; 110, 15, 5
530; 420, 110
13; 13
89000; 89000
7400; 6000, 1400
71; 63, 6, 2
59; 30, 26, 3
28
82; 78, 4
90
85000; 80000, 4500, 460, 30, 10
6500; 5900, 320, 270, 10
1100; 800, 300
36000; 16000, 18000, 1900, 94, 6
6300; 6000, 250, 50
560; 340, 210, 8, 2
280; 210, 41, 23, 6
3500; 3100, 400
4900; 3600, 1200, 100
7900; 5300, 2500, 75, 20, 5
87; 80, 7
88; 50, 32, 6
33000; 24000, 8700, 200, 60, 34, 6
25000; 17900, 6400, 700
87; 46, 32, 9
89000; 88000, 710, 260, 30
92
35000; 16000, 16000, 3000
37
4500; 4000, 400, 100
77000; 71000, 6000
54000; 39000, 14540, 390, 41, 27, 2
63000; 55000, 7400, 310, 170, 110, 10
20; 17, 3
22; 17, 5
78; 45, 33
91; 80, 11
10000; 9600, 380, 18, 2
2900; 2500, 310, 60, 25, 5
5000; 3700, 1000, 190, 110
37; 30, 7
45
79000; 67000, 9800, 2000, 150, 47, 3
41000; 35000, 5700, 210, 44, 28, 13, 5
2700; 1500, 1000, 180, 15, 5
290; 280, 8, 2
87; 82, 5
9700; 8000, 1400, 220, 62, 14, 4
51000; 44000, 6700, 130, 150, 20
1900; 1900
18000; 16000, 2000
940; 620, 180, 94, 27, 19
25; 23, 2
67000; 27000, 39000, 800, 200
26
51; 46, 5
880
97; 93, 4
24; 24
46; 40, 6
19000; 19000
23
57000; 21000, 31000, 4200, 720, 55, 25
280; 220, 39, 18, 3
790; 640, 70, 62, 15, 3
8900; 8500, 400
39000; 30200, 7000, 1600, 200
380; 360, 20
71000; 53000, 14000, 3400, 600
6400; 3100, 3100, 160, 37, 3
710
33; 22, 11
300
8400; 8300, 94, 6
860; 830, 20, 7, 3
2500; 2300, 180, 18, 2
97
38
37000; 31000, 6000
5500; 5000, 500
930; 900, 25, 5
10; 8, 2
64; 62, 2
130; 52, 62, 16
6900; 6500, 330, 43, 22, 5
34
4700; 3200, 1500
78; 50, 23, 5
48; 42, 6
150; 143, 7
24; 17, 7
3400; 2200, 1100, 80, 20
10; 10
85000; 81000, 4000
130
50000; 31000, 15000, 2000, 1400, 460, 140
960; 450, 480, 28, 2
740
44
8200; 7800, 240, 160
310; 240, 63, 7
330; 310, 16, 4
84000; 77000, 6800, 180, 18, 2
7500; 7400, 91, 9
720; 550, 150, 17, 3
510; 340, 160, 10
4900
8700; 7700, 980, 20
33; 25, 8
58000
76; 64, 12
170; 160, 10
72
56; 48, 6, 2
400; 260, 48, 68, 22, 2
48; 48
660; 610, 44, 6
450; 300, 120, 30
72; 34, 33, 5
1300; 1300
82000; 74000, 7300, 560, 82, 21, 35, 2
59000
33000; 28000, 5000
69000; 33000, 35020, 830, 99, 38, 11, 2
84000; 73000, 8748, 1530, 710, 12
780
800; 260, 270, 250, 16, 4
2200; 1700, 370, 110, 17, 3
78000; 44000, 24000, 9000, 1000
41; 33, 8
740; 520, 190, 24, 6
8900; 6400, 1700, 340, 400, 35, 14, 11
170; 91, 76, 3
5000; 3000, 1553, 350, 91, 6
3900; 2800, 1100
54
82; 80, 2
4200; 1900, 1300, 1000
810
4200; 3000, 1100, 91, 9
520; 480, 26, 11, 3
1300; 1290, 10
30; 27, 3
12; 12
1800; 1500, 280, 15, 5
16000; 14000, 1700, 230, 63, 7
32
460; 340, 110, 10
53000; 38200, 12000, 2200, 500, 90, 10
42; 37, 5
95000
35; 15, 16, 4
900; 650, 210, 21, 17, 2
61000; 16600, 21000, 18000, 5100, 180, 120
9600
580; 510, 63, 7
3700; 3200, 470, 28, 2
58; 34, 21, 3
89; 81, 8
33; 30, 3
28; 19, 9
82; 79, 3
30; 17, 13
8100; 6000, 2000, 97, 3
890; 620, 170, 39, 40, 16, 5
85
31
46000
36000; 24000, 11000, 1000
64000; 64000
60
450; 370, 67, 13
8500; 6700, 1800
45; 17, 26, 2
2000; 2000
1000; 1000
67000; 47900, 14000, 4600, 460, 35, 5
750; 540, 210
72; 57, 15
580; 540, 16, 21, 3
38000
100; 84, 16
65000
63000; 22000, 21000, 19000, 950, 27, 23
160; 133, 24, 3
42; 32, 10
58000; 53000, 4700, 230, 60, 7, 3
15000; 14000, 960, 29, 11
52000; 23000, 26000, 2500, 466, 30, 4
50000; 39000, 10100, 900
39000; 31000, 6100, 1900
5; 5
9900; 9800, 79, 17, 4
570; 430, 110, 28, 2
28; 24, 4
45000; 26000, 14000, 3900, 1100
6300; 5800, 410, 86, 4
9
60000; 56000, 3820, 180
48000; 48000
60000
82; 80, 2
21; 18, 3
22000; 21000, 1000
80; 68, 12
42; 36, 6
92; 52, 26, 14
90000; 85000, 5000
890; 880, 6, 4
68; 63, 5
88; 75, 13
54000; 37000, 12000, 4900, 100
25000; 13000, 11000, 900, 71, 24, 5
97; 51, 46
90; 49, 26, 12, 3
700; 530, 117, 44, 9
9600; 6000, 3500, 97, 3
130; 100, 26, 4
20; 20
9000; 7000, 1200, 440, 220, 140
46
4300
69; 58, 11
29; 27, 2
51; 43, 8
1900
1300; 1300
59
5; 5
90000; 88000, 2000
55; 28, 22, 5
66000; 49000, 12000, 4900, 70, 30
2100; 1400, 520, 160, 16, 4
5700
76; 48, 28
280; 230, 31, 15, 4
460
98
64000; 36000, 28000
33000; 33000
33
80; 72, 8
66
300; 300
3900; 3800, 82, 15, 3
7300; 7000, 200, 68, 26, 6
5300; 4200, 1100
36
480
94000; 93000, 1000
500; 500
760
14
710; 620, 39, 39, 12
140; 114, 22, 4
870; 790, 74, 6
98; 34, 54, 10
40000; 28000, 12000
53000; 39000, 13000, 900, 100
50; 38, 12
33; 26, 7
72000; 70000, 1740, 242, 18
520; 300, 220
73; 62, 11
91; 39, 22, 25, 5
47
2500; 2500
85
42
15000; 15000
110; 56, 27, 20, 7
5900; 5800, 92, 8
69; 61, 8
77; 61, 13, 3
33
92; 69, 18, 5
280; 256, 20, 4
45; 40, 5
7900; 7570, 310, 15, 5
57; 35, 17, 5
55000; 35000, 18000, 1400, 600
5600
8900; 7300, 1400, 160, 29, 11
80000
5; 5
3800; 3700, 94, 6
200; 140, 51, 9
85; 79, 6
110; 70, 31, 9
84
2000; 2000
970
14000; 11000, 3000
14; 14
23; 19, 4
7; 7
79; 75, 4
6700; 6600, 100
180; 120, 52, 8
3400; 3400
290; 282, 8
150; 120, 26, 4
26000; 22000, 3700, 230, 65, 5
40000; 23000, 16000, 1000
980; 605, 350, 15, 10
16; 13, 3
250; 170, 44, 26, 10
440
26
22; 15, 7
920; 610, 160, 111, 34, 5
3500; 2400, 1100
6100; 5500, 460, 140
570; 480, 85, 5
43
460; 410, 44, 6
740; 640, 95, 5
6; 6
76
9200; 9000, 150, 25, 21, 4
90
80000; 75000, 4600, 360, 35, 5
46; 46
9900; 7000, 2400, 500
99; 99
250; 210, 28, 12
60000; 52000, 7600, 320, 56, 20, 4
940; 900, 20, 17, 3
14000; 13000, 1000
2200; 2100, 100
370; 349, 14, 7
11; 11
5200
1000; 1000
2900
84; 65, 14, 5
33; 22, 11
52
8700; 7100, 1500, 97, 3
6100; 5700, 390, 10
310; 170, 140
3400; 3000, 300, 100
59000; 26000, 30000, 3000
980
1800
24
58000
25000; 22000, 2100, 871, 24, 5
76; 65, 11
3600
3300; 2200, 1100
76; 57, 15, 4
31; 12, 16, 3
90000; 90000
22000; 16000, 4600, 1300, 100
19000; 15000, 4000
18000
8100; 8000, 71, 13, 16
97; 62, 31, 4
6400; 6400
6; 6
16; 12, 4
60
77000; 72000, 4000, 860, 130, 10
3500
13; 13
95; 95
98; 91, 7
30000; 29000, 1000
68
69; 58, 11
660; 430, 200, 30
4100; 3800, 250, 42, 8
560; 520, 40
3900; 3900
87; 76, 11
44000; 28000, 16000
32000; 20000, 12000
88
2100
64
550; 420, 101, 23, 6
4800; 4000, 635, 160, 5
510; 420, 83, 7
73000; 70000, 1800, 1100, 96, 4
6300; 5500, 784, 13, 3
52
65; 54, 11
6700; 5800, 900
11; 11
8; 8
3500; 2000, 1300, 200
230; 220, 10
380
300
18; 18
120; 120
500; 390, 100, 10
87000; 85000, 2000
540; 529, 11
54; 49, 5
9700; 8200, 1200, 180, 120
760
51; 42, 9
8000; 6300, 1500, 160, 37, 3
38
79
61; 41, 15, 5
370
440; 300, 140
14000; 14000
1300; 1300
16; 12, 4
16
72000; 66000, 4000, 1959, 22, 12, 7
55; 30, 25
20; 20
61; 55, 6
85; 75, 10
9
20000; 18000, 1900, 100
91
68000; 56000, 12000
830; 700, 130
82000; 75000, 4200, 2200, 570, 24, 6
17000; 17000
37; 32, 5
450; 330, 110, 10
72; 68, 4
710; 590, 120
71; 71
830; 452, 301, 62, 12, 3
2700
8000; 6100, 1130, 530, 200, 40
39000; 34000, 4200, 600, 200
250; 183, 56, 11
5700; 3000, 2600, 90, 6, 4
85
41
7700
300
8; 8
97; 79, 18
180; 140, 36, 4
57
72
900; 690, 160, 41, 9
19; 19
90000; 89000, 930, 65, 5
64
91
91
37; 37
16000; 15000, 1000
16
82000; 78000, 3700, 290, 10
100; 100
90
74; 59, 15
7000; 6500, 380, 110, 10
920
310
17; 17
360; 330, 25, 5
90
3100
7800; 7200, 410, 180, 7, 3
270; 250, 20
840
78000; 72000, 6000
55
64; 21, 31, 12
240; 200, 17, 16, 7
5900
24; 20, 4
5500; 4000, 1300, 200
9100; 8000, 1100
36; 33, 3
13; 13
86000; 86000
2400
69000; 52000, 17000
95; 89, 6
160
40; 33, 7
19
2500; 2100, 260, 130, 10
270; 190, 68, 12
9100; 7700, 1200, 160, 21, 15, 4
28000; 23000, 4300, 460, 210, 17, 13
51
95; 63, 26, 6
95; 61, 24, 10
20; 16, 4
3700; 3120, 480, 100
6000; 5700, 300
27; 17, 7, 3
58; 48, 7, 3
82; 60, 19, 3
630; 600, 17, 13
3300
39000; 33000, 5300, 700
77
72000; 55000, 16000, 1000
51000; 49000, 2000
350; 250, 100
8500; 6700, 1600, 190, 7, 3
8400; 6100, 1700, 530, 70
12; 12
9700; 6100, 2400, 1200
1900
7100
17; 13, 4
43000; 19000, 19000, 4300, 690, 7, 3
35000; 25000, 10000
45; 34, 11
54; 48, 6
330
87000; 83000, 2500, 1500
140; 140
78000; 59000, 19000
21000; 19000, 2000
15000; 14000, 1000
85000; 45000, 26000, 13000, 1000
18000; 16000, 1700, 200, 63, 33, 4
470
74; 65, 5, 4
7300
800; 800
290; 189, 67, 27, 7
67; 40, 19, 5, 3
7100
57000; 48000, 7500, 1500
790; 500, 280, 10
53000
28000; 25000, 2200, 610, 180, 5, 5
69000; 56000, 12000, 950, 38, 12
7900; 7900
1500; 1500
80
82000; 51000, 18200, 12000, 740, 60
750; 600, 140, 10
4300; 4200, 100
1700
9000; 9000
9600
45000
59; 22, 25, 12
50; 40, 7, 3
93; 61, 29, 3
48000; 30000, 17000, 1000
33; 20, 13
96
15; 15
14; 14
91
640; 640
44; 40, 4
53000; 49200, 2100, 1700
450; 410, 31, 9
9; 9
3100; 2700, 200, 193, 7
3600
30000; 30000
5700; 5500, 200
43000
66; 55, 11
32000; 22000, 10000
2300; 2100, 160, 19, 17, 4
68; 62, 6
2600; 2600
84; 74, 10
3700
67000; 53000, 14000
9200; 9100, 74, 18, 8
76000; 74000, 2000
100; 100
4700; 3900, 800
15000; 13000, 2000
66
42; 28, 14
16000; 15000, 680, 240, 70, 10
34000; 25000, 4900, 2800, 1300
24000; 24000
74000; 66000, 5700, 2300
35; 17, 18
93; 70, 17, 6
73; 68, 5
13000; 11000, 1800, 200
65
66000; 55000, 10000, 620, 260, 110, 10
95000; 95000
79; 44, 30, 5
99; 96, 3
84
53
5400; 3400, 2000
70000; 44000, 23000, 2900, 100
72; 34, 30, 8
160; 140, 20
13000; 13000
87000; 87000
490
960; 560, 340, 33, 27
21
8000; 8000
1000
87000; 85800, 1100, 84, 16
200; 183, 14, 3
20000; 17000, 2600, 280, 120
180
89; 72, 12, 5
54000
55; 30, 25
51; 39, 12
990
180; 180
96; 92, 4
8300; 8100, 190, 6, 4
13000; 11000, 1900, 80, 12, 5, 3
250; 210, 40
69
710
3300; 2570, 500, 210, 12, 8
7700; 6000, 1700
100; 75, 21, 4
210; 210
5900; 3490, 2180, 230
63000
1700; 1600, 89, 11
6300
59; 42, 17
50
9100; 8800, 300
470
3100; 2500, 570, 30
8600; 6600, 1700, 260, 32, 5, 3
62000; 27100, 28000, 6000, 450, 330, 58, 51, 11
63; 60, 3
7
7800; 4440, 3100, 240, 15, 5
84000; 83000, 940, 54, 6
8800; 8000, 630, 133, 34, 3
670; 343, 220, 96, 11
66
14; 14
58
130; 75, 51, 4
7900; 5900, 2000
6; 6
80000; 29000, 34000, 9600, 5870, 1500, 24, 6
92; 87, 5
69
91; 78, 13
540
97000; 96000, 910, 70, 16, 4
8200
64000
14
120
64; 64
6600; 3100, 3000, 260, 240
250; 240, 10
6600; 2300, 3600, 620, 47, 23, 7, 3
22; 17, 5
580; 280, 297, 3
38000; 31000, 7000
13000; 12000, 780, 200, 20
58; 44, 14
49; 49
6200; 2200, 2870, 1100, 23, 7
18
91; 85, 6
280; 280
76000; 61000, 14000, 900, 67, 23, 6, 4
660
420; 360, 54, 6
99; 88, 11
24; 17, 7
700; 640, 55, 5
6100; 4800, 1300
59; 43, 16
2700; 2200, 440, 40, 16, 4
46000; 18000, 19000, 8500, 400, 70, 25, 5
29; 25, 4
5600
46000; 30000, 16000
44000
56000; 28000, 22000, 5700, 280, 17, 3
23; 18, 5
510; 230, 220, 33, 27
23; 15, 8
40; 37, 3
83; 80, 3
25
19
85000; 76000, 7400, 1500, 90, 10
56000; 22000, 24400, 9600
330; 240, 87, 3
540; 540
38000; 32000, 3740, 1900, 200, 140, 20
560; 560
66000; 63000, 2300, 610, 70, 14, 6
87000; 83100, 3410, 450, 40
3700; 3300, 320, 46, 29, 5
95; 61, 30, 4
74000; 44000, 29000, 1000
38; 35, 3
19000; 12000, 6900, 100
55000; 27000, 24000, 4000
4600; 4000, 520, 55, 22, 3
70; 58, 12
88
100; 100
59000; 45000, 13000, 980, 20
23
62; 40, 14, 8
310
11; 11
23000
56; 44, 12
55; 51, 4
95; 68, 24, 3
440
92; 68, 20, 4
100; 90, 10
7500; 7300, 190, 10
50000; 30000, 12000, 8000
73
720; 610, 91, 16, 3
5; 5
880; 680, 160, 40
54
74000; 72000, 1400, 510, 51, 32, 7
370; 370
72000
4800; 4700, 95, 5
840; 620, 220
6900; 5000, 1900
56; 44, 12
22000; 12000, 10000
90000
35; 35
8500; 7200, 1250, 41, 9
15
7800; 6000, 1600, 160, 37, 3
36; 32, 4
100; 100
730; 590, 140
110; 110
91; 81, 10
6; 6
8900; 6400, 2500
97
3100; 2960, 140
86; 66, 20
87; 52, 29, 6
55000; 54000, 1000
98
50
3800; 3300, 431, 27, 25, 17
37; 22, 15
70; 70
90; 87, 3
82000
30; 27, 3
91000; 71000, 16600, 2300, 1100
3700; 1900, 1640, 150, 10
5800
5; 5
88000; 42510, 30000, 9900, 4600, 620, 320, 35, 15
3400; 1800, 1100, 480, 12, 8
8600
8800; 8200, 530, 60, 10
14; 11, 3
280; 270, 10
880; 770, 83, 22, 5
710; 560, 150
80000; 38000, 15000, 14600, 11000, 1400
330
67
94000; 93000, 1000
3600
7; 7
32000; 12000, 16000, 3900, 86, 14
68; 68
140; 140
45
4400; 4000, 400
12; 12
1400; 1300, 76, 21, 3
71; 26, 28, 17
74
47; 41, 6
93000; 93000
2100; 2000, 52, 41, 7
160; 160
81; 68, 13
6200
63
6; 6
9500; 9100, 350, 33, 14, 3
98000; 97000, 1000
31000; 17000, 12000, 1600, 400
58
65; 41, 20, 4
62; 46, 13, 3
370; 240, 130
5; 5
3500; 2700, 750, 30, 20
6000; 6000
75; 66, 9
5200; 5050, 130, 20
17; 17
670
12000; 12000
93; 90, 3
6400; 6000, 180, 210, 10
61; 40, 21
800; 420, 260, 120
49000
31; 28, 3
45
700; 510, 175, 15
47; 27, 17, 3
21; 21
92000; 71000, 19000, 1700, 300
5300; 5000, 250, 40, 7, 3
1700; 1600, 70, 26, 4
520; 500, 16, 4
30
81; 60, 17, 4
49
85
500; 400, 100
6300; 4400, 1600, 270, 23, 7
81000; 67000, 10000, 3400, 400, 170, 27, 3
220; 220
9800; 7000, 2300, 340, 157, 3
180; 177, 3
55
590; 510, 80
70; 70
80000; 61000, 18000, 910, 63, 24, 3
20
300
33; 30, 3
470
26; 26
89000; 85000, 3100, 900
39000; 34800, 3300, 810, 68, 22
63; 34, 23, 6
65; 35, 23, 7
18; 14, 4
65; 36, 29
4800; 3100, 1700
60000
69; 45, 16, 8
37
6; 6
370
58000; 33000, 23000, 2000
14; 14
75; 37, 34, 4
53; 50, 3
240; 240
370
39000; 32000, 6400, 590, 10
2900; 2600, 240, 44, 11, 5
90000; 73000, 11800, 5100, 97, 3
5400; 5000, 320, 76, 4
2200
4800; 4400, 300, 92, 8
470; 410, 46, 14
64000; 32000, 28000, 3000, 880, 120
76
61; 40, 18, 3
840; 675, 160, 5
5400; 3200, 2100, 100
77000
97; 89, 8
19000; 14000, 3800, 1100, 95, 5
87; 78, 6, 3
18
680
57000
21
56
6000; 5500, 500
65; 37, 25, 3
320; 240, 40, 35, 5
13; 13
41; 26, 15
16; 16
94; 87, 7
7400; 7400
27000; 14600, 10900, 1500
6900
70
500; 500
230; 210, 16, 4
7; 7
3800; 3100, 570, 130
12000
340
730; 540, 160, 27, 3
7000; 6500, 430, 48, 19, 3
68000
69000; 42000, 24000, 2600, 250, 140, 10
88; 85, 3
96000; 95000, 990, 10
92; 44, 45, 3
8000; 8000
9700; 9100, 520, 46, 30, 4
45; 37, 8
23; 20, 3
39; 35, 4
9100; 9000, 100
790; 643, 130, 17
89000; 88000, 910, 71, 15, 4
95000; 95000
41000; 12400, 20700, 6000, 1900
3700; 3600, 100
19000; 11000, 8000
72; 49, 14, 9
35000; 29000, 4000, 1600, 300, 100
560; 410, 130, 20
6800; 6800
890
89; 49, 24, 12, 4
480; 446, 27, 7
100
7000
640; 600, 37, 3
180; 170, 10
66
21000; 20000, 910, 81, 5, 4
55000; 43000, 10000, 2000
2500; 2270, 230
97000; 93000, 3560, 240, 190, 10
69000; 25000, 29000, 15000
65000; 36000, 27000, 1130, 700, 135, 25, 10
56
97
680; 510, 160, 10
770; 733, 37
5100
4000; 3400, 590, 10
45; 29, 11, 5
23000; 22000, 1000
7000; 7000
88; 49, 34, 5
88; 80, 8
95; 84, 11
490
5800; 4550, 1200, 47, 3
82000; 72000, 10000
330
89000
73000; 52000, 21000
31000; 23000, 7600, 400
27
23000; 22000, 930, 34, 31, 5
45000
62000; 26200, 32000, 3000, 620, 180
44; 44
68; 48, 13, 7
43000; 29100, 13400, 360, 120, 12, 8
750; 680, 32, 30, 8
770; 340, 330, 100
83; 80, 3
50000
840; 830, 10
20; 12, 8
370; 320, 34, 12, 4
75
55000; 20000, 25000, 10000
480; 450, 26, 4
6500; 6000, 390, 93, 17
9
41000; 36000, 5000
630; 530, 100
66000; 42700, 13000, 8200, 1800, 260, 35, 5
46; 40, 6
950
900; 810, 71, 13, 6
29000; 26000, 2500, 500
4900; 4800, 100
710; 670, 32, 8
48; 48
31
17
64000; 46000, 14000, 3200, 750, 42, 8
81; 68, 13
80000; 44000, 21900, 13000, 1010, 87, 3
48
490; 400, 64, 20, 6
73; 32, 34, 7
84000; 35600, 22000, 13000, 12000, 1400
8100; 6770, 1300, 25, 5
6100; 5500, 560, 14, 17, 9
87000
99000; 99000
130; 120, 10
71; 60, 11
9500; 8296, 1200, 4
29; 19, 10
300; 280, 13, 7
92; 78, 14
61000
58
43000; 25000, 9900, 6000, 1900, 200
560; 300, 244, 12, 4
81; 72, 9
790
41
9800
8500; 5120, 2700, 450, 200, 23, 7
55; 42, 13
38000; 34000, 1700, 2000, 230, 47, 23
57000; 50000, 6200, 761, 36, 3
350; 190, 160
31000; 21000, 10000
250; 240, 10
85
6; 6
570; 530, 40
94000; 44000, 37000, 13000
540
280; 260, 20
40000; 18000, 19000, 1900, 1100
38; 23, 15
29; 21, 5, 3
800
45
95; 86, 9
130; 130
83; 60, 23
47; 26, 17, 4
790; 640, 150
87
66
750
65000; 29500, 28000, 4610, 1600, 1200, 85, 5
7200
52; 23, 19, 10
57
310; 300, 10
690
63000; 60000, 1700, 1300
740
380; 210, 160, 10
110; 99, 11
29; 26, 3
68; 32, 33, 3
37
64; 46, 14, 4
43; 32, 11
72
3900
46000; 34000, 12000
86
3500; 1900, 1600
2700; 1700, 950, 47, 3
85; 79, 6
93; 93
84; 62, 14, 8
54000; 19000, 20000, 12000, 1800, 1200
790; 710, 31, 46, 3
16000; 16000
94; 85, 9
78; 70, 5, 3
31; 31
56; 41, 12, 3
10
4400; 3800, 590, 10
19000; 19000
8900; 8000, 900
920; 910, 10
13000; 9000, 1700, 1500, 480, 193, 120, 7
710; 620, 80, 10
77000; 74000, 3000
8300; 7400, 430, 380, 75, 12, 3
77; 37, 33, 7
640
26; 21, 5
2900; 2500, 400
79; 37, 33, 6, 3
18
82; 60, 22
5; 5
16000; 9600, 5700, 300, 390, 10
99; 96, 3
3700
490
14
780; 780
70000; 59000, 9660, 1300, 28, 12
500; 493, 7
48; 45, 3
18000
98; 28, 25, 22, 17, 6
4400; 4400
300
75; 47, 23, 5
14; 14
100; 100
42000; 39600, 1700, 640, 34, 18, 8
74000; 47000, 22000, 4100, 850, 50
450
3300; 2000, 1300
86; 68, 15, 3
2500; 2300, 190, 10
54; 50, 4
42000
2400; 2200, 200
380; 280, 100
950
520; 520
24000; 24000
380; 230, 140, 10
420; 310, 100, 10
63
97
82; 41, 30, 11
3800; 2400, 1100, 210, 57, 29, 4
35; 35
460; 230, 180, 46, 4
54; 50, 4
940; 650, 250, 35, 5
470; 470
270; 250, 20
170; 170
24
42
1200; 990, 210
70
71000
15000; 12000, 2240, 700, 57, 3
3100
48000; 34000, 11000, 2400, 500, 77, 18, 5
91000; 85000, 5700, 300
62000; 62000
79
17000; 14600, 1900, 340, 160
7600
45; 26, 12, 7
82
69
40000; 31700, 6890, 1400, 10
85; 78, 7
98
160; 160
38; 26, 12
92000
44; 34, 10
18
99; 94, 5
310; 240, 40, 30
34; 29, 5
85000; 60000, 19000, 5600, 400
36; 36
950; 950
9600; 9600
85000; 69000, 16000
770
16
4200; 3500, 560, 140
64; 58, 6
96
4800; 4600, 200
1500; 1500
39
11; 11
260
2200
19000; 12000, 6800, 200
300
1900; 1700, 200
58000; 30900, 22000, 5100
30; 25, 5
60
620
84000; 61000, 20000, 2500, 500
7100; 5600, 1400, 65, 35
37
29000; 20000, 8000, 1000
380; 350, 22, 8
800; 680, 120
870; 640, 220, 10
200; 140, 39, 17, 4
25
31000; 20300, 9400, 1200, 75, 20, 5
31
68
60000; 40000, 14400, 5600
5800; 3900, 1700, 200
37000; 19000, 14000, 3000, 1000
790; 730, 60
800; 510, 290
72; 56, 16
9700
3500; 2200, 1300
240; 220, 13, 7
41; 37, 4
2000; 1970, 26, 4
18; 11, 7
37; 33, 4
170; 140, 22, 8
35
69000; 64500, 4000, 480, 14, 6
88000; 70000, 12000, 5200, 740, 53, 7
38000
69
850
53
740; 420, 300, 20
6600; 3800, 2501, 220, 71, 8
4700; 4100, 410, 190
3800; 3800
710
62000
77; 73, 4
53; 45, 8
75; 59, 16
64
44000; 42000, 2000
2800; 2300, 350, 150
93000; 91000, 2000
37; 32, 5
15000; 15000
780
310
4800; 3000, 1800
15000; 15000
59; 53, 6
360; 280, 80
690; 380, 200, 110
470
80; 69, 11
75
930; 800, 130
64; 37, 21, 6
5600
5500; 3700, 1800
12; 12
670
160
83; 83
77000; 64000, 13000
14000; 12000, 2000
5900; 3800, 1700, 400
6500; 6000, 488, 12
38; 25, 13
22; 22
21000; 15300, 5000, 520, 162, 18
460; 320, 140
98; 90, 8
940
9900
200; 190, 10
81
7400; 6000, 1400
580
30000; 28000, 1500, 350, 150
40; 34, 6
4400; 4310, 90
720
600; 550, 50
910; 840, 66, 4
62000; 54000, 4000, 4000
94; 82, 12
480
6200; 3000, 2700, 430, 43, 23, 4
99000; 99000
94000; 83000, 8200, 2800
28
8200; 3700, 2412, 1600, 423, 38, 23, 4
2000
6500; 5200, 1100, 200
93
780
9; 9
740; 700, 40
240; 200, 25, 15
140; 110, 23, 7
13
88000; 78000, 9000, 1000
600; 590, 10
31
340; 340
520
58
94; 88, 6
93; 93
58
27; 16, 11
55
14; 14
33; 33
89; 80, 9
59000
140
290; 278, 12
51000; 48000, 2400, 400, 170, 26, 4
65
12; 12
33000; 26000, 6900, 100
89; 80, 9
390
14; 14
2900; 2500, 400
6300
69; 37, 28, 4
29; 19, 10
99; 91, 8
7
6300; 4600, 1700
7300; 7000, 190, 110
75000; 70000, 5000
8; 8
52; 41, 11
20000; 19000, 980, 16, 4
9200; 9000, 150, 41, 9
60000; 39000, 13000, 3900, 3200, 900
86
93000; 73000, 10200, 9300, 500
62000; 27000, 24000, 10000, 1000
33000; 33000
360; 360
850
62
20000; 15000, 3300, 1310, 320, 70
35; 35
69; 65, 4
33000; 30600, 2300, 100
89000; 65000, 12000, 8300, 3200, 400, 100
960
260
270; 160, 110
96; 74, 18, 4
71000; 71000
11000; 10000, 1000
9400; 9000, 350, 40, 10
720
720; 600, 120
41; 41
8000; 7800, 190, 10
8100; 6500, 1500, 79, 17, 4
44000; 36400, 7000, 600
4100; 2300, 1200, 540, 48, 12
49000; 40600, 8000, 360, 40
530; 410, 120
75; 70, 5
6600; 4500, 2100
61; 52, 9
57; 36, 21
45; 34, 11
19
58
8700; 8500, 180, 16, 4
6900; 4240, 2300, 330, 30
56
60
29; 24, 5
80; 70, 10
17000; 16000, 1000
510; 410, 79, 21
34000; 34000
52000; 41000, 9800, 1100, 100
34
28000; 28000
4400; 3000, 1300, 96, 4
750
43
62; 49, 13
9700
9100
17
6700
16; 16
19; 14, 5
94; 53, 35, 6
4200; 2900, 1200, 59, 30, 11
44000; 38000, 5000, 1000
53; 43, 10
70000; 60000, 10000
36; 24, 12
93000
3700; 2580, 1100, 20
460
28; 24, 4
420; 210, 210
7400
68000
34000; 26600, 4400, 2200, 780, 16, 4
8100; 7800, 270, 24, 6
8200
53; 53
7; 7
5800; 4440, 1300, 52, 8
96
78000; 45000, 16000, 14600, 2400
5; 5
75
35
990
92000; 62000, 19000, 11000
45000; 37000, 3300, 3300, 1400
26
2000
44
84000
21
810; 540, 270
54
58
20000; 17000, 2900, 90, 10
52; 47, 5
7400; 7300, 50, 37, 13
21000; 16000, 3200, 1500, 287, 13
43000; 29000, 14000
17
65; 30, 30, 5
40
11; 11
290; 200, 80, 10
26
1000; 1000
62000; 50000, 12000
10000; 9300, 570, 130
950; 880, 65, 5
41000; 25000, 13000, 2900, 95, 5
34
6700; 4900, 1600, 200
60
40000
38; 30, 8
8300; 8300
570; 570
93
640; 350, 290
5700
55; 43, 12
3600; 2200, 1100, 300
89
210
79; 72, 7
42; 42
64; 53, 11
7900; 4400, 2200, 1100, 200
8700
88; 64, 20, 4
8; 8
590; 460, 121, 9
5300; 5300
9; 9
84; 67, 17
31
81000; 44200, 21000, 9000, 5000, 1600, 200
49; 43, 6
67; 60, 7
27; 20, 7
24; 18, 6
63000; 61000, 2000
22; 18, 4
75000; 71000, 3700, 290, 10
79
660; 560, 90, 10
84; 84
77000; 73000, 4000
6200; 4600, 1500, 100
44; 34, 10
9; 9
80000; 73000, 7000
39
480; 480
1000
89
9500
82
47000; 41000, 5000, 900, 77, 23
72; 65, 7
23
2200; 2200
99
98
55000; 37000, 18000
62
21
14
23; 19, 4
620; 610, 10
65000
900
10
61000; 32000, 21000, 7200, 790, 10
610; 500, 110
22000; 18300, 3700
2400
21
160; 160
25000; 23200, 1800
350
12
23
62000; 54000, 7400, 600
53
480; 440, 35, 5
39000; 26000, 9500, 2700, 720, 75, 5
840; 840
8300; 8100, 200
53; 42, 11
2700; 1900, 722, 78
64000
2000; 2000
60000
17
190
73
510; 500, 6, 4
93000; 87000, 5000, 910, 37, 48, 5
13; 13
15
60000; 17000, 17100, 16000, 9000, 850, 43, 7
65; 55, 10
570
8100; 4700, 3260, 130, 6, 4
2000; 2000
25; 20, 5
16000
6
79
92000
860
11; 11
9000; 4600, 3900, 420, 62, 18
79000; 69000, 10000
7
74; 32, 31, 11
570
3200; 2800, 400
75000
22
5
68; 61, 7
8000; 7000, 1000
40; 34, 6
60
6500
24
74000; 69100, 4700, 170, 30
41000
18
71000
47000; 33000, 11600, 2000, 240, 112, 34, 14
41000; 27000, 11400, 2400, 190, 10
67
490; 410, 80
34
8; 8
940
7000; 6800, 187, 13
920; 700, 210, 10
37000; 20100, 14300, 2500, 89, 11
2300; 1400, 620, 270, 10
23; 18, 5
64000; 61000, 2900, 100
91000; 86000, 5000
32
85000; 65000, 17000, 3000
96; 76, 15, 5
91
80; 36, 35, 9
81
75
12; 12
87; 83, 4
63; 35, 23, 5
9300; 7100, 1800, 380, 13, 7
840; 740, 100
4100; 3800, 300
5300; 4900, 400
89
84
20
45000; 39000, 5700, 300
35; 31, 4
42; 25, 17
4000
87; 55, 28, 4
200; 200
410
490; 460, 25, 5
5
1500; 1500
47
91000
40000
69000; 61400, 6300, 1300
900; 600, 280, 16, 4
88000; 53500, 31000, 3400, 100
96
80; 57, 23
50
90; 58, 22, 10
61
51000; 20000, 18800, 9800, 2400
98000
260; 190, 42, 19, 9
51000; 24790, 16000, 8000, 2000, 110, 100
36000; 22000, 14000
50
82000
57000
25
830; 620, 150, 49, 11
79; 72, 7
730
51
59000; 25000, 23500, 9700, 570, 220, 10
44000
92
300; 290, 10
960; 870, 83, 7
68; 57, 11
1400; 1200, 105, 65, 17, 13
43000
35
8300
60000; 47000, 9900, 2030, 1000, 40, 19, 11
6700; 6500, 130, 50, 14, 6
29; 18, 11
72000
3300; 3200, 100
22; 14, 8
7300; 6100, 1100, 100
23000; 23000
72; 60, 12
42; 42
35
55; 40, 15
830
3200; 3000, 160, 36, 4
79; 50, 18, 11
24000; 17000, 6000, 1000
5400; 5000, 400
14; 14
79000; 67000, 12000
92000
4400; 4000, 390, 10
120; 110, 10
30
45; 33, 12
72
930; 610, 240, 38, 31, 11
570; 550, 20
36; 31, 5
9400
680; 580, 100
78; 31, 36, 11
47; 43, 4
380; 380
8500
23000; 17000, 5000, 970, 26, 4
800
66000; 29000, 30000, 6520, 390, 90
480
33000
70
10
15000
97; 80, 17
5; 5
42000; 21000, 19000, 1800, 150, 39, 11
290; 290
1200; 1200
1900; 1900
61; 53, 8
84; 73, 11
34
9
41; 23, 18
7900; 5990, 1700, 210
980
790; 630, 160
900; 660, 180, 60
2200
570; 570
72000; 43000, 17000, 9400, 2200, 330, 50, 20
660; 600, 48, 12
3300; 3300
660; 530, 130
900; 800, 100
8700; 7000, 1100, 340, 190, 70
4200
93
48000; 43000, 4200, 800
74; 74
5500
93; 85, 8
34
46
1500
100
41
64; 64
7; 7
7; 7
37000; 16000, 16000, 4420, 380, 200
23000
8300; 7000, 1200, 100
160
800; 720, 33, 34, 13
58000; 48000, 10000
36000
2100
74000; 40000, 23700, 8500, 1800
16
51
48000; 41000, 4000, 2800, 162, 25, 13
9000; 4000, 4200, 790, 5, 5
89
70; 58, 12
33000; 28000, 3600, 1240, 160
870; 840, 26, 4
5300
550; 400, 150
8700
11; 11
94; 85, 9
9100; 6300, 2800
160; 160
10000; 7000, 2000, 930, 70
13; 13
100
3700
63000; 48500, 14000, 370, 130
99; 99
580
66; 25, 28, 13
550; 460, 20, 18, 27, 15, 10
34
75; 67, 4, 4
410; 310, 100
8000; 6600, 1200, 200
170; 140, 22, 4, 4
20; 13, 7
95000; 94000, 920, 70, 10
83000; 80000, 2000, 950, 27, 23
29
16000; 16000
660; 430, 120, 110
67; 30, 25, 12
59000
37
20; 16, 4
1900
2800
19
55
48000; 40000, 3800, 4000, 120, 70, 10
510; 410, 93, 7
75; 67, 8
830; 720, 110
43
39
3400
96000; 96000
5800; 5000, 700, 95, 5
7600; 4600, 3000
58; 47, 11
560; 520, 36, 4
45000; 31000, 13800, 150, 46, 4
800
1200
85; 72, 13
9200; 9000, 160, 36, 4
65
35000
51000; 33000, 17000, 950, 20, 25, 5
26000; 24000, 1600, 320, 74, 6
4400; 4000, 400
64
430; 320, 110
5400; 4790, 480, 130
5300
41000; 39000, 1500, 500
96
45000
52000; 46000, 6000
89; 76, 13
730
730; 620, 110
5100; 4900, 150, 24, 26
81
930; 880, 36, 14
82
200; 200
680; 530, 140, 10
680
110; 105, 5
7; 7
17
110; 90, 20
99; 95, 4
8400
3800; 3200, 580, 20
3900; 3300, 470, 130
7700
3100; 3100
7200; 7000, 150, 50
11
7300; 4900, 2400
25; 25
75
56; 30, 21, 5
350; 340, 10
6; 6
7500; 6000, 1500
13; 13
820
4900; 3500, 1200, 200
53; 46, 7
1400
75000
50000; 22000, 27690, 250, 60
36; 24, 12
21; 16, 5
8; 8
59
2200
87; 74, 13
54000; 54000
68; 54, 14
77000
90; 77, 13
940; 900, 35, 5
38; 31, 7
9500
41
640; 510, 130
440; 290, 130, 20
6200; 4000, 2100, 100
7700
87000; 61000, 25000, 760, 210, 24, 6
15000; 11000, 2500, 1200, 300
11
4300; 4300
4900; 4900
14
160; 160
34000; 16000, 18000
130
65; 43, 17, 5
3600
8300; 8200, 100
6300; 6200, 100
940
99
6400; 6300, 100
220; 220
2500; 2500
540
41000; 38000, 2200, 740, 55, 5
82000; 62000, 20000
24; 18, 6
26000; 21000, 4800, 200
960; 700, 260
36; 30, 6
27
910
26000; 24000, 2000
9100
88000; 65000, 22100, 700, 200
4300
47000
93; 63, 25, 5
38; 33, 5
76; 56, 14, 6
49; 40, 9
13000; 11300, 1700
24000; 23000, 708, 280, 12
1100; 990, 97, 13
73; 63, 10
7600; 7300, 300
9500; 9400, 100
76000; 75000, 810, 140, 45, 5
4500; 3300, 1200
3200
150
770; 740, 26, 4
96
2100; 2100
34000
68
18000
80000; 55000, 22000, 2300, 660, 34, 6
2600; 2600
74; 69, 5
6800; 6800
56; 52, 4
6400
710
92000; 91000, 1000
380
55
860; 800, 46, 14
2700; 2700
6; 6
14
75; 75
54000; 30000, 10000, 11000, 2800, 170, 26, 4
32; 25, 7
10000; 7900, 2000, 80, 20
9700
76; 76
740
42000
510
790; 760, 24, 6
14000; 14000
78
44; 38, 6
72; 51, 21
95; 89, 6
59000; 57000, 1900, 100
63
750
570; 475, 73, 22
520; 520
51; 37, 14
75000; 75000
49000
32000; 26100, 5400, 380, 120
65; 65
1700; 1600, 84, 16
640
97; 97
5400; 5400
3300
4600; 4000, 600
19000; 18060, 820, 115, 5
620; 620
6500; 5100, 1400
100; 100
67000; 61000, 5000, 1000
81000
680; 630, 29, 16, 5
25
88000; 83000, 3800, 1186, 14
660; 330, 260, 70
77; 71, 6
71000
89000
280
53
98; 89, 9
700; 670, 26, 4
400; 340, 45, 15
2600; 2100, 338, 130, 25, 7
18
34000; 30000, 3900, 100
24
19
6900; 6800, 100
1000
4100; 3000, 1100
610
92000; 79000, 12000, 800, 180, 20
18; 13, 5
32000; 28000, 2500, 1500
61; 41, 15, 5
67000; 61000, 4510, 1460, 25, 5
16; 16
48000; 33000, 15000
370
860; 830, 25, 5
36
7800; 7100, 700
59
3300
140
59; 55, 4
45
300
30; 25, 5
18; 18
4500; 4100, 400
98
6700; 6100, 530, 63, 7
18; 18
73
30000
4900; 4500, 250, 150
930; 890, 33, 7
65; 57, 8
44
63
32000; 22000, 8200, 1300, 500
8900; 6300, 2100, 500
16
79000
77
47; 42, 5
67000
69; 48, 21
3000; 3000
620; 480, 131, 9
48
6800
860
19
10000; 9600, 330, 70
56
9; 9
42; 31, 11
51; 33, 18
230; 230
620; 410, 210
380
71000
7400; 6300, 1100
30000; 16000, 11000, 2700, 270, 30
90; 82, 8
70; 58, 12
1900; 1900
89
2400
35; 35
210; 130, 60, 20
39000; 36800, 2200
5600
3200
84
87000; 64000, 22000, 1000
36; 32, 4
590; 560, 30
89
84
780
480; 410, 55, 15
9700
45; 39, 6
74
140; 120, 20
91; 86, 5
57
5; 5
61000; 48000, 9200, 3000, 740, 42, 18
27; 27
940; 880, 49, 11
84
63
140
27; 22, 5
48
62000; 26000, 23000, 9300, 2700, 1000
8300; 6300, 2000
12; 12
5100
59000
430
840; 840
52000
260; 260
490
6800; 6700, 100
14000; 14000
49
45
66000; 45000, 19700, 1300
7100; 6380, 680, 40
7700; 7000, 390, 310
4500; 3000, 1400, 96, 4
98000
760; 730, 26, 4
13; 13
1600; 1200, 320, 71, 9
95; 87, 8
950; 771, 170, 9
39; 33, 6
40000; 34000, 5500, 340, 160
32
48000; 28000, 18000, 1800, 170, 22, 8
81
82
8800
70; 62, 8
5500; 5100, 330, 70
70; 63, 7
4000
820; 795, 21, 4
64000; 28000, 32200, 3700, 100
360; 320, 31, 9
60
96; 96
52; 45, 7
3700; 2300, 1300, 100
6; 6
660; 460, 200
18
3200
17; 17
12000
69
38
89
35000
99000; 99000
55
570
890; 790, 72, 24, 4
80
860; 860
18; 18
820; 730, 74, 12, 4
52; 39, 13
34
47
86000; 80000, 5000, 1000
8400
78; 61, 17
23
3500
48; 31, 17
5800
58; 51, 7
5; 5
43; 29, 14
42000; 40500, 1500
8400; 8000, 360, 35, 5
4100; 3700, 300, 96, 4
7100; 7100
44; 32, 12
930
5200; 3000, 2200
250
6400; 6000, 265, 120, 15
74; 67, 7
23000; 18000, 2400, 2000, 485, 110, 5
3500; 3000, 440, 54, 6
24
840
7200
70
770
810; 490, 320
660
49
4000; 4000
53
420; 370, 32, 18
3700
12000; 10000, 1680, 320
30; 30
8; 8
43000; 29000, 9000, 4800, 150, 44, 6
85000; 85000
85000; 84000, 1000
6000; 6000
77000; 49000, 26000, 2000
59; 55, 4
81
83000
3200; 2900, 220, 68, 12
1600; 1600
58
1500
92
72; 66, 6
42; 42
6; 6
34000; 23000, 10000, 1000
15000; 14000, 1000
25
85000; 62000, 18000, 4100, 900
570
840; 710, 130
20
56; 42, 14
75; 61, 14
14; 14
840; 510, 330
91000; 86000, 3700, 1110, 150, 32, 8
1200; 1080, 120
1200
7800
86
27; 27
2000
11
15000; 13000, 1800, 170, 25, 5
2700
4200; 3300, 900
55; 43, 12
8400
5200; 3300, 1900
76000
1400; 1400
84
73; 73
1300; 1200, 100
710; 450, 240, 20
790; 500, 290
80000; 69000, 11000
9700; 9000, 400, 270, 25, 5
21; 21
65; 59, 6
1900; 1500, 400
86000; 85000, 1000
740
5900
720
54000
21
96
85
99000; 87000, 12000
97000; 87000, 9000, 1000
250
440; 420, 20
9100; 6700, 2100, 300
61; 45, 16
37; 37
75
7400; 5600, 1800
880; 520, 360
7; 7
79; 73, 6
3500; 3500
31; 31
95; 70, 25
81; 67, 14
53000; 23000, 22700, 7000, 300
3900
64000
73; 60, 13
69000; 32000, 22000, 13000, 1800, 170, 30
92; 85, 7
8200; 6500, 1100, 550, 38, 12
20
59
92000; 70000, 16000, 4500, 1200, 285, 15
4200; 3600, 600
46000
50
1400; 1100, 300
6800
8000
46; 39, 7
76000; 71000, 4500, 420, 74, 6
84000; 38000, 24000, 22000
42
710; 520, 150, 34, 6
64000; 55000, 7000, 1800, 200
5500; 4810, 570, 120
35; 35
580; 500, 80
91000; 23000, 31000, 26000, 11000
86
32000; 21000, 11000
9700; 8200, 1200, 300
36000; 36000
5800; 5700, 100
14000
55; 49, 6
17000
640
20000
120
17000; 10900, 5600, 500
77
43000; 32200, 9300, 1200, 293, 7
64
76000; 35000, 41000
54000
30
10000; 9000, 1000
29000; 29000
72; 58, 14
25000; 17300, 7300, 310, 90
720
520
36
65
6700; 6400, 200, 100
35
36; 31, 5
82
270; 220, 43, 7
25000; 25000
160
18
67
280
35
5300; 4200, 1100
66
5900; 5000, 820, 69, 11
44000; 36100, 7900
76
850; 760, 84, 6
8300; 8030, 240, 24, 6
33
28
62; 51, 11
13000; 12000, 1000
77
810
68; 52, 16
70
530
83000
42; 42
74
680
830; 830
6; 6
730
5300
250
5600; 3100, 2200, 266, 34
640; 450, 190
73
410; 293, 110, 7
45; 38, 7
660
82
150
5800; 3000, 2600, 200
3400
93
82; 76, 6
6900
34
66
1700
13
5100
8200; 7400, 670, 130
100; 84, 16
83000; 55000, 18000, 8800, 1200
1300; 1300
9200; 8600, 460, 140
3000
51; 42, 9
79
59000
74; 49, 25
8900
25; 18, 7
54000; 44000, 6000, 3600, 320, 41, 39
62
3200; 3090, 110
32000; 29000, 2100, 680, 220
71000; 70000, 950, 41, 9
88
130
89; 89
8800; 6500, 2200, 89, 11
7600; 5900, 1400, 170, 130
3800; 3300, 500
12; 12
95
9000; 7000, 1910, 90
24
96; 91, 5
660
31
530; 490, 35, 5
54; 22, 25, 7
400
54000; 46000, 5100, 2700, 160, 31, 9
620
24; 24
70; 70
100
80
41; 27, 14
340; 220, 120
67000; 67000
110
8900; 5700, 3000, 200
620; 500, 120
170
75; 59, 16
38
740
540
100
21; 21
13
48000; 37000, 11000
89000; 84000, 4200, 760, 29, 11
21
68
940; 830, 97, 13
65000; 40000, 16000, 4000, 4000, 820, 180
51000
93; 81, 12
41
320; 250, 63, 7
29
4500; 3880, 540, 80
69
2300
46; 46
37; 29, 8
17000; 16000, 1000
920; 710, 201, 9
4500
62; 50, 12
99; 93, 6
80
70
95
51; 51
8300
91
100
130; 121, 9
50000; 24000, 17000, 8800, 160, 40
8700
860
31; 25, 6
810; 670, 140
3200
86000; 72000, 11000, 3000
72
80
280; 220, 35, 18, 7
6000; 4400, 1600
700; 610, 84, 6
22000
79; 60, 19
22; 22
67
10
91; 91
460; 330, 118, 12
5700
450; 370, 80
8800; 7400, 1300, 92, 8
880; 880
71
730; 680, 35, 15
79
21
40; 33, 7
430
99
99
470
78; 50, 28
5400; 4100, 1020, 250, 30
61000; 52000, 8400, 600
290
77000; 69000, 7100, 860, 28, 12
64
600; 600
22
820
17000
43000; 29000, 11000, 2800, 200
510
900; 590, 310
6000; 5500, 460, 40
85; 69, 16
4600
380
5
120
1900; 1600, 300
54000; 34000, 12800, 6200, 940, 47, 13
920
74; 61, 13
99
32
69; 45, 18, 6
22
28; 21, 7
260
11; 11
49000; 32000, 11000, 5900, 94, 6
700
32; 23, 9
11000; 11000
89
30
33; 33
58
100
27; 18, 9
42
69000; 59800, 8500, 540, 160
28
26
65
4600
510
37000; 22000, 13000, 2000
53000; 40000, 10000, 3000
50
3400
88; 74, 14
35
68
9900; 9500, 270, 130
9900; 7900, 2000
71000; 28800, 31000, 10000, 1200
63000
11; 11
110
800
22000; 19500, 2500
380; 380
74000; 52000, 17000, 4900, 100
98000; 89000, 6500, 2200, 250, 50
79000; 75000, 3700, 190, 110
95; 84, 11
24000; 24000
28; 19, 9
8000
14; 14
11000
87000; 26000, 33000, 23000, 4600, 390, 10
92
5900; 3600, 2200, 89, 11
2200; 2000, 160, 40
9
6000; 6000
99
5700
76000; 59000, 14000, 2600, 320, 70, 10
200
7800; 6000, 1700, 85, 15
210; 210
93
48
56
63
25
88000; 78000, 8800, 1100, 89, 11
61; 61
450
13000; 9000, 3400, 550, 38, 12
63; 37, 18, 8
25
870; 870
680
79; 56, 16, 7
36000; 24000, 10000, 2000
80; 38, 29, 13
360
60
20000
1900
48000; 47000, 1000
59; 32, 19, 8
44000
96; 96
92; 81, 11
53; 45, 8
62; 34, 19, 9
960; 760, 200
75; 46, 29
5000; 4000, 720, 210, 42, 28
15000; 14000, 710, 240, 50
96
30
13000; 7200, 4300, 1500
4600
6100; 5600, 500
9000; 9000
280
5900
340; 340
20
98; 68, 30
35
56
31; 23, 8
52
1900; 1800, 93, 7
800; 640, 130, 23, 7
11; 11
24
53
25000; 23000, 1300, 640, 43, 17
20
3800; 3000, 730, 62, 8
39
59
89000; 89000
66
56; 43, 13
60
530
96
8200
79000; 19000, 46000, 14000
40000; 15100, 17000, 6500, 1400
9700; 8240, 1400, 32, 19, 9
59000; 31750, 19000, 7900, 220, 122, 8
41
73; 62, 11
56; 36, 20
16
17
490; 490
520; 500, 20
50000
45000
36
59000; 55000, 3400, 560, 32, 8
240; 240
91; 79, 12
37; 37
860
55
7100; 2800, 2960, 1100, 240
66; 45, 21
640
69
73
200
7600
34
6; 6
30
9; 9
6500
96
2500
40; 33, 7
680
300; 291, 9
22
94000
77
9600
64
1700
78000; 50000, 28000
88; 55, 27, 6
83
49000; 43000, 4530, 1100, 250, 120
54; 48, 6
410
82
19
630
950; 870, 60, 20
70000
42
9000; 7700, 1100, 160, 28, 12
44
73000; 47000, 21000, 4300, 700
70
60000; 28000, 30000, 1900, 79, 15, 6
53000; 36000, 17000
5100
93
30
25000
7700; 5900, 1800
80000; 80000
780
45
81
3100
490
620
85000; 29000, 38000, 15000, 3000
66000; 39000, 18500, 7000, 1500
9000
53
46
75
130
3400
35; 27, 8
51
36000
30000; 14000, 14600, 1200, 192, 8
86
55000
11000; 11000
20
950
58; 22, 19, 17
710; 570, 140
630; 530, 40, 32, 19, 9
9700; 8800, 800, 69, 31
82000
1300
8200
7900
92; 80, 12
26; 20, 6
8300; 4000, 4300
94; 55, 33, 6
88000
86000
40000; 27000, 12500, 424, 49, 14, 13
78000
740
68
7000; 4170, 2300, 275, 240, 15
3200
95; 68, 27
6; 6
22
71; 48, 14, 9
470
23
1300; 1100, 180, 20
9900; 9000, 581, 270, 36, 13
48
4500
99000; 95000, 4000
85; 50, 27, 8
72
56
60; 32, 22, 6
5800; 4400, 1400
4200; 3000, 1200
4100
15
3400
88
2800; 2500, 260, 32, 8
880
200; 200
75
580
730; 600, 122, 8
74
22
300
35
39
87
35000; 34000, 970, 30
62
83000
29
44; 32, 12
87
200; 150, 36, 14
4600; 4600
440
82
980; 910, 61, 9
42
2300
44
62; 47, 15
940
3800
8400
54000
7500
18
50; 39, 11
93000; 93000
3300; 2800, 500
73000; 55000, 18000
73; 42, 22, 9
34
73; 43, 21, 9
19000; 18000, 800, 170, 17, 13
32000; 28000, 2400, 1600
330; 280, 50
500; 390, 110
7
61
740
11; 11
7800
25
960
4900
2700; 2700
31
6300
89
21000
570
500
8800; 6200, 1800, 530, 270
1200; 1200
650; 530, 120
640
26
3300
650; 402, 240, 8
82
60
77
18
86
8100
420
79
42000
73000; 55000, 15000, 3000
100
8; 8
70
7700; 6200, 1500
2800; 2800
63
2600
3800; 3600, 200
38; 38
8100; 7400, 400, 300
130
14
6200; 4700, 1500
680
800; 450, 280, 61, 9
98000
38
70000; 24000, 33000, 11700, 1120, 140, 29, 11
3300; 3000, 300
34
2500
64000; 50000, 14000
74
5300
320
9000
27
56; 47, 9
8; 8
1200; 1200
62000; 60000, 1830, 140, 15, 15
7
20
30; 22, 8
28
8; 8
6400
9500; 8000, 1500
30
55000; 23000, 19000, 13000
74000; 69000, 4400, 600
49
90000
480; 434, 33, 13
870; 630, 240
400; 340, 60
72
76
23
46
21000; 21000
5000; 4300, 580, 120
200
59
77000; 58000, 19000
760; 700, 60
38; 38
8400
40
7200; 6900, 300
13; 13
7000; 5400, 1600
86; 86
94
51; 42, 9
540; 500, 29, 11
840; 730, 110
9900
980; 900, 80
63000
950
10000; 10000
590
7
8900
94
6600; 5100, 1500
920; 920
25000; 25000
6700; 6700
500; 380, 120
70
790
7400
3900; 3900
5200; 5200
5
46000; 26000, 13800, 5700, 460, 31, 9
830
32; 17, 15
65
56000
71
21
11
300
85
24000
320
11
30
320; 252, 54, 14
5
600
2400
850
82000
10000; 10000
40
93000; 64000, 26400, 2100, 460, 23, 17
3700; 3000, 610, 90
490; 350, 140
620; 620
800
30000; 30000
3500; 2900, 520, 72, 8
360; 240, 120
72; 58, 14
48000
8300
33; 33
91
37; 37
61000
280; 280
93000
6300
31; 31
12; 12
840
50
26
38
55
900
350
28
86
7
7400
30000
96000
87; 77, 10
27
88; 80, 8
85000; 83000, 1700, 170, 130
7
15
75
19
72; 58, 14
91
470; 380, 72, 18
220
34
8800; 8400, 380, 20
81000
780
940; 940
940; 710, 150, 63, 17
460
96
32
95
63; 55, 8
79; 70, 9
24; 24
2800
230; 160, 39, 22, 9
70
380; 380
32
46; 38, 8
2000; 1800, 200
49000
77; 66, 11
880
130; 130
4000; 4000
20
43
180; 130, 41, 9
7800
84
59
20
86
98
210
74
47; 27, 20
94
11
420
310; 310
61000
54000; 45000, 7000, 2000
3300
40000; 26000, 12000, 1800, 150, 50
7200
46; 38, 8
11
220
660
96000; 62000, 24000, 6800, 3000, 130, 53, 17
66000; 51000, 14300, 700
160; 140, 20
54
610
33
13; 13
94000; 51000, 41000, 2000
31
85; 71, 14
870
3700
780
52000
61
93; 32, 50, 11
90; 32, 37, 21
31000; 30000, 1000
6
48000; 46000, 1700, 300
98; 41, 57
43000; 35000, 6500, 1200, 224, 32, 27, 17
9600; 8400, 1200
21; 21
35
24
6200; 6200
63000; 54000, 7760, 1100, 140
100
39
30000; 30000
600
26000; 21000, 4200, 690, 110
9800; 8000, 1700, 49, 51
31
5000; 4700, 300
1100; 1100
11
530
34
9900
75000
30
530
390
30000; 22000, 8000
27
450
210; 160, 50
15
42
5
91
44
91000; 54000, 21000, 13000, 2400, 600
85
3900; 3900
940
860
81
8000; 4150, 3510, 340
680; 470, 160, 50
430; 330, 64, 28, 8
560; 490, 56, 14
87; 52, 21, 14
1500; 1500
26
55000
12000; 12000
100
5
91000; 71200, 18400, 1400
36; 23, 13
60000
73
3200; 2600, 340, 260
99; 99
97
920; 870, 41, 9
710
840
54
59
51
500; 460, 40
73
68
40
2700; 2250, 370, 72, 8
550
25
810; 810
6300; 5200, 1100
16; 16
35
81000; 48000, 24000, 7000, 2000
82; 82
82000; 56000, 19000, 6350, 615, 27, 8
95
98
73
87000; 40000, 33000, 10400, 2900, 670, 30
7800
720
39
37000; 31000, 4700, 1300
260; 260
100000; 100000
69
17
44
58000; 49000, 4000, 4000, 1000
45000
25
4200
52; 35, 17
540
82000; 71000, 6900, 3000, 1010, 90
94
72000; 72000
67000
840
1000
39000; 29300, 8600, 1100
60000; 28000, 13000, 19000
29
230
59000
360
35000
4700; 4500, 134, 57, 9
670
840; 840
23; 23
8600; 6200, 2400
36000; 23000, 9000, 3600, 310, 90
12
81
520
62; 53, 9
62000
37
2800
11
66
630
2100
700
51
14; 14
7400
65000
62
15; 15
63
470
99
25
320
19000; 9000, 4000, 4800, 1200
25
72; 48, 24
88; 88
61000
6100
84
37000
7900
89
1700
43
9600
17
17000; 16000, 1000
380
55; 46, 9
4300; 4000, 170, 130
43
50
61
750
9700
33000
4900
87; 72, 15
660
55000; 48000, 5500, 1400, 54, 33, 13
74; 61, 13
53
27
83
77
960
640; 580, 51, 9
14
1500
510; 510
200
81
78000; 77000, 1000
810; 710, 85, 15
88
350
12
9; 9
44; 29, 15
8000; 3200, 2700, 2100
660
240
75000
470
7500; 5900, 1600
14; 14
940
74
240
1200
9800
66
49
70000
6000
62; 47, 15
44000
76
69000; 56000, 13000
800; 730, 44, 26
53000
15
2800
790
66; 53, 13
730; 480, 250
75; 75
9; 9
58; 44, 14
15
38
49000
25
17; 17
7400; 3000, 3500, 900
2500
29
80000; 78000, 1700, 270, 30
99000; 99000
10
9800; 9800
160
8100
110
55000
1900
28
51
15000; 8300, 2900, 3800
17
780; 740, 31, 9
610
2800
66
260; 260
83
71
69
99; 99
380
21
47
46000
65
98000; 98000
66
7900
140; 140
950
660
59
43000
60
2600
940
4300
59000
44000; 28000, 16000
11
74
50000; 24000, 26000
9900; 9400, 500
56
49
420; 320, 91, 9
2700; 2700
110
40
5200
79000
10
630; 630
1100; 1100
6000; 6000
650; 470, 118, 62
3800
95
340
960
680
68; 68
19; 19
6200; 4500, 1700
40000
1800; 1590, 210
450
5400
9400; 7100, 2160, 140
79; 62, 17
160; 160
530
660; 477, 170, 13
630
45
20
3600
760; 710, 50
100
15
45000
58; 32, 26
32000; 28300, 3400, 270, 30
96
25
470
84
72000; 69300, 2600, 78, 22
8400; 7000, 1400
45
24
74000
65000; 57000, 5500, 2500
3000
1000
2800
23
96
81000; 30000, 46000, 5000
36
660
7
54
83
62
870
85
61
100; 86, 14
33
9400
53000
890
5500; 4000, 1500
5
1900; 1900
38
81; 68, 13
73000; 28000, 20000, 14000, 7100, 3900
530
61; 47, 14
63; 40, 23
1400; 1200, 200
